31,,,,,,,,,,,,,,
56,57,58,59,60,61,62,63,64,65,,,,,
,,,,30,31,32,33,34,35,36,37,38,39,40
,30,31,32,33,34,35,36,37,38,39,40,41,42,43
34,35,36,37,38,39,40,41,42,43,44,45,46,47,48
,,,,,,,,,,41,42,43,44,45
,,,,,,,30,31,32,33,34,35,36,37
34,35,36,37,38,39,40,41,42,43,44,45,46,47,48
,,,,,,,,,,30,31,32,33,34
32,33,34,35,36,37,38,39,40,41,42,43,44,45,46
,,,,,30,31,32,33,34,35,36,37,38,39
49,50,51,52,53,54,55,56,57,58,59,60,61,62,63
30,31,32,33,34,35,36,37,38,39,40,41,42,43,44
30,,,,,,,,,,,,,,
,,,,,,,,,34,35,36,37,38,39
,,,,,,,,,,30,31,32,33,34
,,,,,,,,,,,30,31,32,33
58,59,60,61,62,,,,,,,,,,
,,,,,,,,,30,31,32,33,34,35
,,,,,30,31,32,33,34,35,36,37,38,39
31,32,33,34,35,36,37,38,39,40,41,42,43,44,45
50,51,52,53,54,55,56,57,58,59,60,61,62,63,64
,,,,,,,,37,38,,,,,
,,,,50,51,,,,,,,,,
31,32,33,34,35,36,37,38,39,40,,,,,
,,,,,,,,30,31,32,33,34,35,36
42,43,44,45,46,47,48,49,50,51,52,53,54,55,56
43,44,45,46,47,48,49,50,51,52,53,54,55,56,57
36,37,38,39,40,41,42,43,44,45,46,47,48,49,50
43,44,45,46,47,48,49,50,51,52,53,54,55,56,57
,,,,,,,,,,30,31,32,33,34
,,,,,,,,,,,30,31,32,33
45,46,47,48,49,50,51,52,53,54,55,56,57,58,59
,,,,30,31,32,33,34,35,36,37,38,39,40
,,,,,,,,,,30,31,32,33,34
52,53,,,,,,,,,,,,,
49,50,51,52,,,,,,,,,,,
47,48,49,50,51,52,53,54,55,56,57,58,59,60,61
,,,,,,,,33,34,35,36,37,38,39
,,,,,,,,,30,31,32,33,34,35
,,,30,31,32,33,34,35,36,37,38,39,40,41
,,,49,50,51,52,53,54,55,56,,,,
40,41,42,43,44,45,46,47,48,49,50,51,52,53,54
33,34,35,36,37,38,39,40,41,42,43,44,,,
52,53,54,55,56,57,58,59,60,61,62,63,64,65,
30,31,32,33,34,35,36,37,38,39,40,,,,
50,51,52,53,54,55,56,57,58,59,60,61,62,63,64
,,,,30,31,32,33,34,35,36,37,38,39,40
,30,,,,,,,,,,,,,
,,,,,,,,,30,31,32,33,34,35
39,40,41,42,43,44,45,46,47,48,49,50,51,52,53
,,,,,,,,,,,30,31,32,33
39,40,41,42,43,44,45,46,47,48,49,50,51,52,53
,,,,,,,,,,,30,31,32,33
41,42,43,44,45,46,47,48,49,,,,,,
49,50,51,52,53,54,55,56,57,58,59,60,61,62,63
,,,,,,,,,30,31,32,33,34,35
32,33,34,35,36,37,38,39,40,41,42,43,44,45,46
50,51,52,53,54,55,56,57,58,59,60,61,62,63,64
,30,,,,,,,,,,,,,
,,30,31,32,33,,,,,,,,,
36,37,38,39,40,41,42,43,44,45,46,47,48,49,50
,,,,,,,,,30,31,32,33,34,35
31,32,33,34,35,36,37,38,39,40,41,42,43,44,45
,,,,,,34,35,36,37,38,39,40,41,42
38,39,40,41,42,43,44,45,46,47,,,,,
49,50,51,52,53,54,55,56,57,58,59,60,61,62,63
,,,,,,,,,,,30,31,32,33
,,,,,,,53,54,55,56,57,58,59,60
30,31,32,33,34,35,36,37,38,39,40,41,42,43,44
,,,,,30,31,32,33,34,35,36,37,38,39
45,46,47,48,49,50,51,52,53,54,55,56,57,58,59
,,,,,,,,,,,33,34,35,
48,49,50,51,52,53,54,55,56,57,58,59,60,61,62
,,,,,,,,,,,30,31,32,33
42,43,44,45,46,47,48,49,50,51,52,53,54,55,56
39,40,41,42,43,44,45,46,47,48,49,50,51,52,
42,43,44,45,46,47,48,49,50,51,52,53,54,55,56
50,51,52,53,54,55,56,57,58,59,60,61,62,63,64
31,32,33,34,35,36,37,38,39,40,41,42,43,44,45
,,,,,,,,30,31,32,,,,
35,36,37,38,39,40,41,42,43,44,45,46,47,48,49
44,45,,,,,,,,,,,,,
56,57,58,59,,,,,,,,,,,
,,,,30,31,32,33,34,35,36,37,38,39,40
,,30,31,32,33,34,35,36,37,38,39,40,41,42
32,33,,,,,,,,,,,,,
,,,,,30,31,32,33,34,35,36,37,38,39
,,,,,,,,30,31,32,33,34,35,36
,,,,,,,,,30,31,32,33,34,35
32,33,34,35,36,37,38,39,40,41,42,43,44,45,46
,,,,,,,,,44,45,46,47,48,49
32,33,34,35,36,37,38,39,40,41,42,43,44,45,46
,,,,,,,,,30,31,32,33,34,35
,,,,,,,,,,30,31,32,33,34
35,36,37,38,39,40,41,42,43,44,45,46,47,48,49
42,43,44,45,46,,,,,,,,,,
,,,,,,38,39,40,41,42,43,44,45,46
,,,,,,,,,30,31,32,33,34,35
,30,31,32,33,34,35,36,37,38,39,40,41,42,43
39,40,41,42,43,44,45,46,47,48,49,50,51,52,53
58,59,60,61,,,,,,,,,,,
,,,,,,,,,,,30,31,32,33
45,46,47,48,49,50,51,,,,,,,,
,30,31,32,33,34,35,36,37,38,39,40,41,42,43
,,,,,,,,,,,,64,65,
50,51,52,53,54,55,56,57,58,59,60,61,62,63,64
48,49,50,51,52,53,54,55,56,57,58,59,60,61,62
,,,,,,33,34,35,36,37,38,39,40,41
51,,,,,,,,,,,,,,
37,38,39,40,41,42,43,44,45,46,47,48,49,50,51
40,41,42,43,44,45,46,47,48,49,50,51,52,53,54
30,31,32,33,34,35,36,37,38,39,40,41,42,43,44
,30,,,,,,,,,,,,,
32,33,34,35,36,37,38,39,40,41,42,43,44,45,46
57,58,59,60,61,62,63,64,65,,,,,,
46,47,48,49,50,51,52,53,54,55,56,57,58,59,60
57,58,59,60,61,62,63,64,65,,,,,,
,,,,,,,,30,,,,,,
,,,,,,,,,,30,31,32,33,34
31,32,33,34,35,36,37,38,39,40,41,42,43,44,
40,41,42,43,44,45,46,47,48,49,50,51,52,53,54
,30,31,32,33,34,35,36,37,38,39,40,41,42,43
,,,30,31,32,,,,,,,,,
,,,,30,31,32,33,34,35,36,37,38,39,40
35,36,37,38,39,40,41,42,43,44,45,46,47,48,49
,,,,,,,,,30,31,32,33,,
52,53,54,55,56,57,58,59,60,61,62,63,64,65,
,,,30,31,32,33,34,35,36,37,38,39,,
,,,,,30,31,,,,,,,,
30,31,32,33,34,35,36,37,38,39,40,41,42,43,44
37,38,39,40,41,42,43,44,45,46,47,48,49,50,
53,54,55,56,57,58,59,60,61,62,63,64,65,,
38,39,40,41,42,43,44,45,,,,,,,
30,31,32,33,34,35,36,37,38,39,40,41,42,43,44
31,,,,,,,,,,,,,,
30,31,32,33,34,35,36,37,38,39,40,41,42,43,44
46,47,48,49,50,51,52,53,54,55,56,57,58,59,60
,,,,,,,30,31,32,33,34,35,36,37
,,,30,31,32,33,34,35,36,37,38,39,40,41
,,,,,,,,,,,30,31,32,
,,,,,,30,,,,,,,,
50,51,52,53,54,55,56,57,58,59,60,61,62,63,64
33,,,,,,,,,,,,,,
,,,,,,,,30,31,32,33,34,35,36
33,34,35,,,,,,,,,,,,
,,,,,,,,,,30,,32,33,34
,,,34,35,36,37,38,39,40,41,42,43,44,45
53,54,55,56,57,58,59,60,61,62,63,64,65,,
,30,31,32,33,34,35,36,37,38,39,40,41,42,43
,30,31,32,33,34,35,36,37,38,39,40,41,42,43
30,31,32,33,34,35,36,37,38,39,40,41,42,43,44
,,30,31,32,33,34,35,36,,,,,,
32,33,34,35,36,37,38,39,40,41,42,43,44,45,46
44,45,46,47,48,49,50,51,52,53,54,55,56,57,58
,,,43,44,45,46,47,48,49,50,,,,
48,49,50,51,52,53,54,55,56,57,58,59,60,61,62
,,,,,,,,,,,,,38,39
31,32,33,34,35,36,37,38,39,40,41,42,43,44,45
35,36,37,38,39,40,41,42,43,44,45,46,47,48,49
54,55,56,57,58,59,60,61,62,63,64,65,,,
47,48,49,50,51,52,53,54,55,56,57,58,59,60,61
50,51,52,53,54,55,56,57,58,59,60,61,62,63,64
41,42,43,44,45,46,47,48,49,50,51,52,53,54,55
,,,,,30,31,32,33,34,35,36,37,38,39
,,,,,,,,,,,30,31,32,33
49,50,51,,,,,,,,,,,,
35,36,37,38,39,40,41,42,43,44,45,46,47,48,49
55,56,57,58,59,60,61,62,63,64,,,,,
51,52,53,54,55,56,57,58,59,60,61,62,63,64,65
,,,,,,,,,,,,44,45,46
34,35,36,37,38,39,40,41,42,43,44,45,46,47,48
41,42,43,44,45,46,47,48,49,50,51,52,53,54,55
,,,,,,,,,,,30,31,32,33
48,49,50,51,52,53,54,55,56,57,58,59,60,61,62
37,38,39,40,41,42,43,44,45,46,47,48,49,50,51
43,44,45,46,47,48,49,50,51,52,53,54,55,56,57
,,,,,30,31,32,33,34,35,36,37,38,39
,,,,,30,31,32,33,34,35,36,37,38,39
33,34,35,36,37,38,39,40,41,42,43,44,45,46,47
51,52,53,54,55,56,57,58,59,60,61,62,63,64,65
,,,,,,,,,,,,42,43,44
43,44,45,46,47,48,49,50,51,52,53,54,55,56,57
40,41,42,43,44,45,46,47,48,49,50,51,52,53,54
41,42,43,44,45,46,47,48,49,50,51,52,53,54,55
46,47,48,49,50,51,52,53,54,55,56,57,58,59,60
,,,,,,,41,42,43,44,45,46,47,48
50,51,52,53,54,55,56,57,58,59,60,61,62,63,64
45,46,47,48,49,50,51,52,53,54,55,56,57,58,59
52,53,,,,,,,,,,,,,
50,51,52,53,54,55,56,57,58,59,60,61,62,63,64
,,,,,,30,31,32,33,34,35,36,37,38
57,58,59,60,61,62,63,64,65,,,,,,
41,42,43,44,45,46,47,48,49,50,51,52,53,54,55
,,,30,31,32,33,34,35,36,37,38,39,40,41
,,,,,34,35,36,37,38,39,40,41,42,
56,57,58,59,60,61,62,63,64,65,,,,,
,,,,,,,,30,31,32,33,34,35,36
54,55,56,57,58,59,60,61,62,63,64,65,,,
40,41,42,43,44,45,46,47,48,49,50,51,52,53,54
32,33,34,35,36,37,38,39,40,41,42,43,44,45,
57,58,59,60,61,62,63,64,65,,,,,,
48,49,50,51,52,53,54,55,56,57,58,59,60,61,62
,,,,,30,31,32,33,34,35,36,37,38,39
32,33,34,35,36,37,38,39,40,41,42,43,44,45,46
33,34,35,36,37,38,39,40,41,42,43,44,45,46,47
57,58,59,60,61,62,63,64,65,,,,,,
35,36,37,38,39,40,41,42,43,,,,,,
47,48,49,50,51,52,53,54,55,56,57,58,59,60,61
,,,,,,,,,,30,31,32,33,34
,,,,,,,,,,,30,31,32,33
32,33,34,35,36,37,38,39,40,41,42,43,44,45,46
,30,31,32,33,34,35,36,37,38,39,40,41,42,43
,,,,,,30,31,32,33,34,35,36,37,38
33,34,35,36,37,38,39,40,41,42,43,44,45,46,47
30,31,32,33,34,35,36,37,38,39,40,41,42,43,44
33,34,35,36,37,38,39,40,41,42,43,44,45,46,47
37,38,39,40,41,42,43,44,45,46,47,48,49,50,51
,,,,,,,30,31,32,33,34,35,36,37
30,31,32,33,34,35,36,37,38,39,40,41,42,43,44
33,34,35,,,,,,,,,,,,
43,44,45,46,47,48,49,50,51,52,53,54,55,56,57
58,59,60,61,62,63,64,65,,,,,,,
34,35,36,37,38,39,40,41,42,43,44,45,46,47,48
,,,39,40,41,42,43,44,45,46,47,48,,
,,30,31,32,33,34,35,36,37,38,39,40,41,42
34,35,36,37,38,39,40,41,42,43,44,45,46,47,48
34,35,36,37,38,39,40,41,42,43,44,45,46,47,48
40,41,42,43,44,45,46,47,48,49,50,51,52,53,54
44,45,46,47,48,49,50,51,52,53,54,55,56,57,58
,,,,,,,,,,30,31,32,33,34
30,31,32,33,34,35,36,37,38,39,40,41,42,43,44
52,53,54,55,56,57,58,59,60,61,62,63,64,65,
52,53,54,55,56,57,58,59,60,61,62,63,64,65,
,30,31,32,33,34,35,36,37,38,39,40,41,42,43
30,31,32,33,34,35,36,,,,,,,,
,,,,,,,,,,,36,37,38,
43,44,45,46,47,48,49,50,51,,,,,,
42,43,44,45,46,47,48,49,50,51,52,53,54,55,56
,,,,,,,,30,31,32,33,34,35,36
,,,,,32,33,34,35,36,,,,,
,34,35,36,37,38,39,40,41,42,,,,,
58,59,60,61,62,63,64,65,,,,,,,
,,,,,,,,42,43,44,,,,
,,,,,,,,,,,38,39,40,
36,37,38,39,40,41,42,43,44,45,46,47,48,49,50
,,,,,,38,39,40,41,42,43,44,45,46
32,33,34,35,36,37,38,39,40,41,42,43,44,45,46
36,37,38,39,40,41,42,43,,,,,,,
,,,,,,41,42,43,44,45,46,47,48,
51,52,53,54,55,56,57,58,59,60,61,62,63,64,65
44,45,46,47,48,49,50,51,52,53,54,55,56,57,58
,30,31,32,33,34,35,36,37,38,39,40,41,42,43
31,32,33,34,35,36,37,38,39,40,41,42,43,44,45
43,44,45,46,47,48,49,50,51,52,53,54,55,56,57
,,,,,,,,,30,31,32,33,34,35
33,34,35,36,37,38,39,40,41,42,43,44,45,46,47
30,31,32,33,34,35,36,37,38,39,40,41,42,43,44
58,59,60,61,62,63,64,65,,,,,,,
30,31,32,33,34,35,36,37,38,39,40,41,42,43,44
53,54,55,56,57,58,59,60,,,,,,,
,30,31,32,33,34,35,36,37,38,,,,,
,,,,30,31,32,33,34,35,,,,,
36,37,38,39,40,41,42,43,44,45,46,47,48,49,50
57,58,59,60,61,62,63,64,65,,,,,,
49,50,51,52,53,54,55,,,,,,,,
,,,,,,,,,30,31,32,33,34,35
35,36,37,38,39,40,41,42,43,,,,,,
52,53,54,55,56,57,58,59,60,61,62,63,64,65,
,,,,,,,,,30,31,32,33,34,35
46,47,48,49,50,51,52,,,,,,,,
35,36,37,38,39,40,41,42,,,,,,,
52,53,54,55,56,57,58,59,,,,,,,
,,,,,,,30,31,32,,,,,
31,32,33,34,35,36,37,38,39,40,41,42,43,44,45
30,31,32,33,34,35,36,,,,,,,,
35,36,37,38,39,40,41,42,43,44,45,46,47,48,
51,52,,,,,,,,,,,,,
,,,30,31,32,33,34,35,36,37,38,39,40,41
,,,,,,,,,,30,31,32,33,34
,,,,,,,,30,31,32,33,34,35,36
,,,,37,38,39,40,41,,,,,,
,,,,,,,,,,30,31,32,33,34
,,,,,36,37,,,,,,,,
52,53,54,55,56,57,58,59,60,61,62,63,64,65,
,,,,,,,,30,31,32,33,34,35,36
44,45,46,47,48,49,50,51,52,53,54,55,56,57,58
58,59,60,61,62,63,64,65,,,,,,,
,,,,,,,,,,,,,40,41
58,59,60,61,62,63,64,65,,,,,,,
30,31,32,33,34,35,36,37,,,,,,,
,,,,,,,,,,,39,40,41,42
37,,,,,,,,,,,,,,
36,37,38,39,40,41,42,43,44,45,46,47,,,
43,44,45,46,47,48,49,50,51,52,53,54,55,56,57
42,43,44,45,46,47,48,49,50,51,52,53,54,55,56
39,40,41,42,43,44,45,46,47,48,49,50,51,52,53
31,32,33,34,35,36,37,38,39,40,41,42,43,44,45
,30,31,32,33,34,35,36,37,38,39,40,41,42,43
,,30,31,32,33,34,35,36,37,38,39,40,41,42
,,,,,30,31,,,,,,,,
,30,31,32,33,34,35,36,37,38,39,40,41,42,43
,30,,,,,,,,,,,,,
,,,,,30,31,32,33,34,35,36,37,38,39
45,46,47,48,49,50,51,52,53,54,55,56,57,58,59
,,,30,31,32,33,34,35,36,37,38,39,40,41
32,,,,,,,,,,,,,,
,,,,,,46,47,48,49,50,51,52,53,54
52,53,54,55,56,57,58,59,60,61,62,63,64,65,
30,31,32,33,34,35,36,37,38,39,40,41,42,43,44
,,30,31,32,33,34,35,36,37,38,39,40,41,42
,,,,,,,,30,,,,,,
,,,,,,,,,,51,52,,,
,,,,,,,,,,,35,36,37,38
48,49,50,51,52,53,54,55,56,57,58,59,60,61,62
,,,,,,,,,,,,31,32,33
,,,,,,31,32,33,34,35,36,37,38,39
44,45,46,47,48,49,50,51,52,53,54,,,,
58,59,60,61,62,63,64,65,,,,,,,
38,39,40,41,42,43,44,45,46,47,48,49,50,51,52
,,,,,,,,30,31,32,33,34,35,36
,,,,,,,,,30,31,32,33,34,35
,,,,,,,,,,,30,31,32,33
53,54,55,56,57,58,59,60,61,62,63,64,65,,
,,,,,,,46,47,48,49,50,51,52,53
54,55,56,57,58,59,60,61,62,63,64,65,,,
,,,,30,31,32,33,34,35,36,37,38,39,40
31,32,33,34,35,36,37,38,39,40,41,42,43,44,45
,,,,,,,,,,,34,35,36,37
37,38,39,40,41,42,43,44,45,46,47,48,49,50,51
,,,,,30,31,32,33,34,35,36,37,38,39
,,,,,,,,,,,,,33,34
,,,,,,,,,37,38,39,40,,
,,,,,,,,,,,,,49,50
54,55,56,,,,,,,,,,,,
,,,,,,,,,,30,31,,,
41,42,43,44,45,46,47,48,49,50,51,,,,
55,56,57,58,59,60,61,62,63,,,,,,
,,,,,30,31,32,33,34,35,36,37,38,39
36,37,38,39,40,41,42,43,44,,,,,,
,,,,30,31,32,33,34,35,36,37,38,39,40
31,32,33,34,35,36,37,38,39,40,41,42,43,44,45
,,,30,31,32,33,34,35,36,37,38,39,40,41
35,36,37,38,39,40,41,42,43,44,45,46,47,48,49
51,52,53,54,55,56,57,58,59,60,61,62,63,64,65
45,46,47,48,49,50,51,52,53,54,55,56,57,58,59
,,,,,,,,30,31,32,33,34,35,36
33,34,35,36,37,38,39,40,41,42,,,,,
40,41,42,43,44,45,46,47,48,49,50,51,52,53,54
45,46,47,48,49,50,51,52,53,54,55,56,57,58,59
,,,,,,,,30,31,32,33,34,35,36
,,,,,,,,30,31,32,33,34,35,36
,,,,,,,,30,,,,,,
35,36,37,38,39,40,41,42,43,44,45,46,47,48,49
33,34,35,36,37,38,39,40,41,42,43,,,,
52,53,54,55,56,57,58,59,60,61,62,63,64,65,
,,,,,,,30,31,32,33,34,35,36,37
47,48,49,50,51,52,53,54,,,,,,,
,,,,,,,,,34,35,36,37,38,39
,,,,,,,,,,,30,31,32,33
,,,,,,30,31,32,33,34,35,36,37,38
,,,,,40,41,42,43,44,45,46,47,48,49
,47,48,49,50,51,52,53,54,55,56,57,58,59,60
40,41,42,43,44,45,46,47,48,49,50,51,52,53,54
35,36,37,38,39,40,41,42,43,44,45,46,47,48,49
53,54,55,56,57,,,,,,,,,,
47,48,49,50,51,52,53,54,55,,,,,,
,,,,,,,,,30,31,32,33,34,35
,,,,40,41,42,43,44,45,46,47,48,49,50
,,,,,,,30,31,32,33,,,,
,,,,,,,,42,43,44,45,46,47,48
54,55,56,57,58,59,60,61,62,63,64,65,,,
34,35,36,37,38,39,40,41,42,43,44,45,46,47,48
32,33,34,35,36,37,38,39,40,41,42,43,44,45,46
40,41,42,43,44,45,46,47,48,49,50,51,52,53,54
40,41,42,43,44,45,46,47,48,49,50,51,52,53,54
43,44,45,46,47,48,49,50,51,52,53,54,55,56,57
,,,,,,,,,,,30,31,32,33
,,,,,,,,,,,30,31,32,33
41,42,43,44,45,46,47,48,49,50,51,52,53,54,55
,,,,,,33,34,35,36,37,38,39,40,41
34,35,36,37,38,39,40,41,42,43,44,45,46,47,
,,,,,,,,,,,30,31,32,33
,,,,,,,,,,,,31,32,33
,,,,,,,31,32,33,34,35,,,
,30,31,32,33,34,35,36,37,38,39,40,41,42,43
50,51,52,53,54,55,56,57,58,59,60,61,62,63,64
47,48,49,50,51,52,53,54,55,56,57,58,59,60,61
,,,,,,,,,,39,40,41,42,43
,,,,,,,,,,,30,31,32,33
51,52,53,54,55,56,57,58,59,60,61,62,63,64,65
,,,,,,,30,31,32,33,34,35,36,37
51,52,53,54,55,56,57,58,59,60,61,62,63,64,65
,,,,,,,,30,31,32,33,34,35,36
,,,,,,,30,31,32,33,34,35,36,37
53,54,55,56,57,58,59,60,61,62,63,64,65,,
,,,30,31,32,33,,,,,,,,
,,30,31,32,33,,,,,,,,,
31,32,33,34,35,36,37,38,39,40,41,42,43,44,45
47,48,49,50,51,,,,,,,,,,
,,36,37,38,39,40,41,42,43,44,45,46,47,
34,35,36,37,38,39,40,41,42,43,44,45,46,47,48
32,33,34,35,36,37,38,39,40,41,42,43,,,
50,51,52,53,54,55,56,,,,,,,,
,,,,,30,31,,,,,,,,
36,37,38,,,,,,,,,,,,
,,,,,37,38,39,40,41,42,43,44,45,46
39,40,41,42,43,44,45,46,,,,,,,
,,,,,,30,31,32,33,34,35,36,37,38
51,52,53,54,55,56,57,58,59,60,61,62,63,64,65
,,,,,,,,,30,31,32,33,34,35
35,36,37,38,39,40,41,42,43,44,45,46,47,48,49
50,51,52,53,54,55,56,57,58,59,60,61,62,63,64
,,,,,,,,,,54,55,56,57,58
40,41,42,43,44,45,46,47,48,49,50,51,52,53,54
,,,30,31,32,33,34,35,36,37,38,39,40,41
36,37,38,39,40,41,42,43,44,45,46,47,48,49,50
42,43,44,45,46,47,48,49,50,51,52,53,54,55,56
31,32,,,,,,,,,,,,,
31,32,33,34,35,36,37,38,39,40,41,42,43,44,45
31,32,33,34,35,36,37,38,39,40,41,,,,
44,45,46,47,48,49,50,51,52,53,54,55,56,57,58
,,,,,,,,,30,31,32,33,34,35
,,,,,,,,,30,31,32,33,34,35
,30,31,32,33,34,35,36,37,38,39,40,41,42,43
41,42,43,44,45,46,47,48,49,50,51,52,53,54,55
,,,,,,31,32,33,34,35,36,37,38,39
,,,,,,,,,30,31,32,33,34,35
38,39,40,41,42,43,44,45,46,47,48,49,50,51,52
55,56,57,58,59,60,61,62,63,64,65,,,,
58,59,60,61,62,63,64,65,,,,,,,
,,39,40,41,42,43,44,,,,,,,
,,,,,,,,,,,38,39,40,41
35,36,37,38,39,40,41,42,43,44,45,46,47,48,49
,30,31,32,33,34,35,36,37,38,39,40,41,42,43
32,33,34,35,36,37,38,39,40,41,42,43,44,45,46
,,,30,31,32,33,34,35,36,37,38,,,
33,34,35,36,37,38,39,40,41,42,43,44,45,46,47
38,,,,,,,,,,,,,,
43,44,45,46,47,48,49,50,51,52,53,54,55,56,57
58,59,60,61,62,63,64,65,,,,,,,
,30,31,32,33,34,35,36,37,38,39,40,41,42,43
43,44,45,46,47,48,49,50,51,52,53,54,55,56,57
46,47,48,49,50,51,52,53,54,55,56,57,58,59,60
,,,,,,,,,,30,31,32,33,34
,,,,,,30,31,32,33,34,35,36,37,38
55,56,57,58,59,60,61,62,63,64,65,,,,
,,36,37,38,39,,,,,,,,,
,,,,,,,32,33,34,35,36,37,38,39
,,,,,,,,,,,42,43,,
42,43,44,,,,,,,,,,,,
53,54,55,56,57,58,59,60,61,62,63,64,65,,
45,46,47,48,49,50,51,52,53,54,55,56,57,58,59
35,36,37,38,39,40,41,42,43,44,45,46,47,48,49
,,,,30,31,32,33,34,35,36,37,38,39,40
,,,,,,30,31,32,33,34,35,36,37,38
48,49,50,51,52,53,54,55,56,57,58,59,60,61,62
35,36,37,38,39,40,41,42,43,44,45,46,47,48,49
37,38,39,40,41,42,43,44,45,46,47,48,49,50,51
33,34,35,36,37,38,39,40,41,42,43,44,45,46,47
42,43,44,45,,,,,,,,,,,
,,,,,,,31,32,33,34,35,36,37,38
38,39,40,41,42,43,44,45,46,47,48,49,50,51,52
,,,41,42,43,44,45,46,47,48,49,50,51,52
45,46,47,48,49,50,51,52,53,54,55,,,,
30,31,32,33,34,35,36,37,38,39,40,41,42,43,44
,,,,,30,31,32,33,34,35,36,37,38,39
,,42,43,44,45,46,47,48,49,50,51,,,
33,34,35,36,37,38,39,40,41,42,43,44,45,46,47
44,45,46,47,48,49,50,51,,,,,,,
,,,,,,30,31,32,33,34,35,36,37,38
,32,33,34,,,,,,,,,,,
40,41,42,43,44,45,46,47,48,49,50,51,52,53,54
,,47,48,49,50,51,52,53,54,55,56,57,58,59
51,52,53,54,55,56,57,58,59,60,61,62,63,64,65
,30,31,32,33,34,35,36,37,38,39,40,41,42,43
,,,,30,31,32,33,34,35,36,37,38,39,40
,,,,,,,30,31,32,33,34,35,36,37
,,,,,,,31,32,33,34,35,36,37,38
,,,,,,,,,,,30,31,32,33
,,,,30,31,32,33,34,35,36,37,38,39,40
36,37,,,,,,,,,,,,,
,,,,,,,,30,31,32,33,34,35,
50,51,52,53,54,55,56,57,58,59,60,61,62,63,64
48,49,50,51,52,53,54,55,56,57,58,59,60,61,62
,,30,31,32,33,34,35,36,37,38,39,40,41,42
,,,,,,,,,37,38,39,40,,
34,35,36,37,38,39,40,41,42,43,44,45,46,47,48
37,38,,,,,,,,,,,,,
53,54,55,56,57,58,59,60,61,62,63,64,65,,
44,45,46,47,48,49,50,51,52,53,54,55,56,57,58
34,35,36,37,38,39,40,41,42,,,,,,
,,,,,,,,,30,31,32,33,34,35
50,51,52,53,54,55,56,57,58,59,60,61,62,63,64
,,,,30,31,32,33,34,35,36,37,38,39,40
,30,31,32,33,34,35,36,37,38,39,40,41,42,43
31,32,33,34,35,36,37,38,39,40,41,42,43,44,45
35,36,37,38,39,40,41,42,43,44,45,46,47,48,49
38,39,40,41,42,43,44,45,46,47,48,49,50,51,52
32,33,34,35,36,37,38,39,40,41,42,43,44,45,46
35,36,37,38,39,40,41,42,43,44,45,46,47,48,49
33,34,35,36,37,38,39,40,41,42,43,44,45,46,
43,44,45,46,47,48,49,50,51,52,53,54,55,56,57
52,53,54,55,56,57,58,59,60,61,62,63,64,65,
56,57,58,59,60,61,62,63,64,65,,,,,
,,,30,31,32,33,34,35,36,37,38,39,40,41
41,42,43,44,45,46,47,48,49,50,51,52,53,54,55
,,30,31,32,33,34,35,36,37,38,39,40,41,42
41,42,43,44,45,46,47,48,49,50,51,52,53,54,
,,,,,,,30,31,32,33,34,35,36,37
,,,,,,,30,31,32,33,34,,,
,,,,,,,,,,,,,33,34
51,52,53,54,55,56,57,58,59,60,61,62,63,64,
53,54,55,56,57,58,59,60,61,62,63,64,65,,
,,,,,,,30,31,32,33,34,35,36,37
,,,,,,,,,30,31,,,,
,,,,,,,,,,,31,32,33,34
,,,,,,31,32,33,34,35,36,37,38,39
53,54,55,56,57,58,59,60,61,62,63,64,65,,
,,,,,,,30,31,32,33,34,35,36,37
57,58,59,60,61,62,63,64,65,,,,,,
,,,,,,,,,,,30,31,32,33
,,,,,,,,,,30,31,32,33,34
,30,31,32,33,34,35,,,,,,,,
56,57,58,59,60,61,62,63,64,65,,,,,
36,37,38,39,40,41,42,43,44,45,46,47,48,49,50
42,43,44,45,46,47,48,49,50,51,52,53,54,,
,,,,,,,,,,34,35,36,37,38
,30,31,32,33,34,35,36,37,38,39,40,41,42,43
33,34,35,36,37,38,39,40,41,42,43,44,45,46,47
,,,,,56,57,58,59,60,61,62,63,64,65
,,,,,,,,,,30,31,32,33,34
37,38,39,40,41,42,43,44,45,46,47,48,49,50,51
45,46,47,,,,,,,,,,,,
31,32,33,34,35,36,37,38,39,40,41,42,43,44,45
,,,33,34,35,36,37,38,39,40,41,42,43,44
,,,32,33,34,35,36,37,38,39,40,41,42,43
45,46,47,48,49,50,51,52,53,54,55,,,,
55,56,57,58,59,60,61,62,63,64,65,,,,
30,31,32,33,34,35,36,37,38,39,40,41,42,43,44
,,,,,,,30,31,32,33,34,35,36,37
37,38,39,40,,,,,,,,,,,
,,,,35,36,37,38,39,40,41,42,43,44,45
,,,,,,,,30,31,32,33,34,35,36
40,41,42,43,44,45,46,47,48,49,50,51,,,
49,50,51,52,53,54,55,56,57,58,59,60,61,62,63
58,59,60,61,62,63,64,65,,,,,,,
58,59,60,61,62,63,64,65,,,,,,,
,30,31,32,33,34,35,36,37,,,,,,
31,32,33,34,35,36,37,38,39,,,,,,
46,47,48,49,50,51,52,53,54,55,56,57,58,59,60
,,,,,,,,,,30,31,32,33,34
35,36,37,38,39,40,41,42,43,44,45,46,47,48,49
31,32,33,34,35,36,37,38,39,40,41,42,43,44,45
36,37,38,39,40,41,42,43,44,45,46,47,48,49,50
,,,,,,,,,,,,33,34,35
47,48,49,50,51,52,53,54,55,56,57,58,59,60,61
,,,,,,,,,,,30,31,32,33
51,52,53,54,55,56,57,58,59,60,61,62,63,64,65
,,,,31,32,33,34,35,36,37,38,39,40,41
,,,,,,,34,35,36,37,38,39,40,41
,,,,,,,,34,35,36,37,38,39,40
,,,,30,31,32,33,34,35,36,37,38,39,40
55,56,57,58,59,60,61,62,63,,,,,,
,,,,,30,31,32,33,34,35,36,37,38,39
,,,,,63,64,65,,,,,,,
53,54,55,56,57,58,59,60,61,62,63,64,65,,
,,,,,,,,,,30,31,,,
,,30,,,,,,,,,,,,
,,,,38,39,40,41,42,43,,,,,
,,,,,,,,,,,32,33,34,
30,31,32,33,34,35,36,37,38,39,40,41,42,43,44
,,,30,31,32,33,34,35,36,37,,,,
31,32,33,34,35,36,37,38,39,40,41,42,43,44,45
,,,,,30,31,,,,,,,,
,,,,,,,,,,33,34,35,36,37
,,,,,,,35,36,37,38,39,40,41,42
,,,,,30,31,32,33,34,35,36,37,38,39
31,32,33,34,35,,,,,,,,,,
,,,,,,,,,47,48,49,50,51,52
42,43,44,45,,,,,,,,,,,
54,55,56,57,58,59,60,61,62,63,64,65,,,
,,,,,30,31,32,33,34,35,36,37,38,39
,,,,30,31,32,33,34,35,36,37,38,39,40
,,,,,30,31,32,,,,,,,
,,,,,,,,,,,64,65,,
38,39,40,41,42,43,44,45,46,47,48,49,50,51,52
32,33,34,35,36,37,38,39,40,41,,,,,
40,41,42,43,44,45,,,,,,,,,
37,38,,,,,,,,,,,,,
51,52,53,54,55,56,57,58,59,60,61,62,63,64,65
,,,,,,33,34,35,36,37,38,39,40,41
,,30,31,32,33,34,35,36,37,38,39,40,41,42
57,58,59,60,61,62,63,64,65,,,,,,
37,38,39,40,41,42,43,44,45,46,47,48,49,50,51
35,36,37,38,39,40,41,42,43,44,45,46,47,48,49
43,44,45,46,47,48,49,50,51,,,,,,
,,,,,,,,30,31,32,33,34,35,36
,30,31,32,33,34,35,36,37,38,39,40,41,42,43
39,40,41,42,43,,,,,,,,,,
44,45,46,47,48,49,50,51,52,53,54,55,56,57,58
34,35,36,37,38,39,40,41,42,43,44,45,46,47,48
31,,,,,,,,,,,,,,
45,46,47,48,49,50,51,52,53,54,55,56,57,58,59
,,,,,,,,,30,31,32,33,34,35
,,,,,40,41,42,43,44,45,46,,,
45,46,47,48,49,50,51,,,,,,,,
,,,,,,,,30,31,32,33,34,35,36
46,47,48,49,50,51,52,53,54,55,56,57,58,59,60
,,,,,,,,,,30,31,32,33,34
33,34,35,36,37,38,39,40,41,42,43,44,45,46,47
55,56,57,58,59,60,61,62,63,64,65,,,,
,,30,31,32,33,34,35,36,37,38,39,40,41,42
,,,,,,30,31,32,33,34,35,36,,
42,43,44,45,46,47,48,49,50,51,52,53,54,55,56
47,48,49,50,51,52,53,54,55,56,57,58,59,60,61
,,,,,,,,30,31,32,33,34,35,36
,,,,,,,,32,33,34,35,36,37,38
42,43,44,45,46,47,48,49,50,51,52,53,54,55,56
32,33,34,35,36,37,38,39,40,41,42,43,44,45,46
30,31,32,33,34,35,36,37,38,39,40,41,42,43,44
,30,31,32,33,34,35,36,37,38,39,40,41,42,43
50,51,52,53,54,55,56,57,58,59,60,61,62,63,64
,,,,30,31,32,33,34,35,36,37,38,39,40
,,,,,,,,30,31,32,33,34,35,36
,,,,,,,,,,,31,32,33,34
40,41,42,43,44,45,46,47,48,49,50,51,52,53,54
,,,31,32,33,34,35,36,37,38,39,40,41,42
,,,,,30,31,32,33,34,35,36,37,38,
,,,,30,31,32,33,34,35,36,37,38,39,40
45,46,47,48,49,50,51,52,53,54,,,,,
37,38,39,40,41,42,43,44,45,46,47,48,49,50,51
,,,,,,,,,31,32,33,34,35,36
,,30,31,32,33,34,35,36,37,38,39,40,41,42
,,,30,31,32,,,,,,,,,
,,,,,,,,,,30,31,32,33,34
,,,,30,31,32,33,34,35,36,37,38,39,40
,,,,,,,,,,,30,31,32,33
,,,,,,,,,44,45,46,47,48,49
31,32,33,34,35,36,37,38,39,40,41,42,43,44,45
,,,30,31,32,,,,,,,,,
31,32,33,34,35,36,37,38,39,40,41,42,43,44,45
30,31,32,,,,,,,,,,,,
,,,,,,,,,,,43,44,45,46
49,50,51,52,53,54,55,56,57,58,59,60,61,62,63
,,,,,30,31,32,33,34,35,36,37,38,39
32,33,34,35,36,37,38,39,40,41,42,43,44,45,46
,30,,,,,,,,,,,,,
,30,31,32,33,34,35,36,37,,,,,,
45,46,47,48,49,50,51,52,53,54,55,56,57,58,
50,51,52,53,54,55,56,57,58,59,60,61,62,63,64
,,,,30,31,32,33,34,35,36,37,38,39,
,,,30,31,32,33,34,35,36,37,38,39,40,41
32,33,34,35,36,37,38,39,40,41,42,43,44,45,46
33,34,35,36,37,38,39,40,41,42,43,44,45,46,47
,,,,,,,,,36,37,38,39,40,41
,,,,31,32,33,,,,,,,,
51,52,53,54,55,56,57,58,59,60,61,62,63,64,65
,,,30,31,32,33,34,35,36,37,38,39,40,41
,,,,,30,31,32,33,34,35,36,37,38,39
,,,,,,30,31,32,33,34,35,36,37,38
,,,,30,31,32,33,34,35,36,37,38,39,40
,,,,,,,,,30,31,32,33,34,35
46,47,48,49,50,51,52,53,54,55,56,57,58,59,60
,,,,,,,30,31,32,33,34,35,36,
49,50,51,52,53,54,55,56,57,58,59,60,61,62,63
,,,,,30,31,32,33,34,35,36,37,38,39
,,,,,,,30,31,32,,,,,
32,33,34,35,36,37,38,39,40,41,42,43,44,45,46
49,50,51,52,53,54,55,56,57,58,59,60,61,62,63
,,,,,,,,30,31,32,33,34,35,36
52,53,54,55,56,57,58,59,60,61,62,63,,,
30,31,32,33,34,35,36,37,38,39,40,41,42,43,44
,,,,,30,31,32,,,,,,,
,,,,,,,,,,30,31,32,33,34
,,,,,,,,,30,31,32,,,
54,55,56,57,58,59,60,61,62,63,64,65,,,
33,34,35,,,,,,,,,,,,
31,32,33,34,35,36,37,38,39,40,41,42,43,44,45
44,45,46,47,48,49,,,,,,,,,
57,58,59,60,61,62,63,64,65,,,,,,
,30,31,32,33,34,35,36,37,38,39,40,41,42,43
44,45,46,47,48,49,50,51,52,53,54,55,56,57,58
,,,,,,30,31,32,33,34,35,36,37,38
,,,,,,,,30,31,32,33,34,35,36
,,,,,,,,,30,31,32,33,34,35
47,48,49,50,51,52,53,54,55,56,57,58,59,60,61
49,50,51,52,53,54,55,56,57,58,59,60,61,62,63
,,,,,,30,31,32,33,34,35,36,37,38
,30,31,32,33,34,35,36,37,38,39,40,41,42,43
33,34,35,36,37,38,39,40,41,42,43,44,45,46,47
32,33,34,35,36,37,38,39,40,41,42,43,44,45,46
52,53,54,55,56,57,58,59,60,61,62,63,64,65,
50,51,52,53,54,55,56,57,58,59,60,61,62,63,64
46,47,48,49,50,51,52,53,54,55,56,57,58,59,60
,,,,,30,31,32,33,34,,,,,
,,,,,,,,30,31,32,33,34,35,36
38,39,40,41,42,43,44,45,46,47,48,49,50,51,52
,30,31,32,33,34,35,36,37,38,39,40,41,42,43
32,33,34,35,36,37,38,39,40,41,42,43,44,45,
37,38,39,40,41,42,43,44,45,46,47,48,49,50,51
52,53,54,55,56,,,,,,,,,,
,,,,,,,,,45,46,47,48,49,50
45,46,47,48,49,50,51,52,53,54,55,56,57,58,59
30,31,32,33,34,35,36,37,38,39,40,41,42,43,44
,,,,,,,,30,31,32,33,34,35,36
,,,,,,,,,31,32,33,34,35,36
53,54,55,56,57,58,59,60,61,62,63,64,65,,
51,52,53,54,55,56,57,58,59,60,61,62,63,64,65
,,,,,,,,34,35,36,37,38,39,40
53,,,,,,,,,,,,,,
43,44,45,46,47,48,49,50,51,52,53,54,55,56,57
32,33,34,35,36,37,38,39,40,41,42,43,44,45,46
49,50,51,52,53,54,55,56,57,58,59,60,61,62,63
32,33,34,35,36,37,38,39,40,41,42,43,44,45,46
,,,,,,,,,,30,31,32,33,34
,30,31,32,33,34,35,36,37,38,39,40,41,42,43
,,30,31,32,33,34,35,36,37,38,39,40,41,42
52,53,54,55,56,57,58,59,60,61,62,63,64,65,
,,,,,,,,,,30,31,32,33,34
32,33,34,35,36,37,38,39,40,41,42,43,44,45,46
,,,,,,30,31,32,33,34,35,36,37,38
56,57,58,59,60,61,62,63,64,65,,,,,
30,31,32,33,34,35,36,37,38,39,40,41,42,43,44
,,,,,,30,31,32,33,34,35,36,,
41,42,43,44,45,46,47,48,49,50,51,52,53,54,55
50,51,52,53,,,,,,,,,,,
,,,,,,,32,33,34,35,36,37,38,39
,,,,,,32,33,34,35,36,37,38,39,40
,,,,,30,31,32,33,34,35,36,37,38,39
,,,,,,,,,30,31,32,33,34,35
35,36,37,38,39,40,41,42,43,44,45,46,47,48,49
,,30,31,32,33,34,35,36,37,38,39,40,41,42
58,59,60,,,,,,,,,,,,
31,32,33,34,35,36,37,38,39,40,41,42,43,44,
42,43,44,45,46,47,48,49,50,51,52,53,54,55,56
,,,,,,,,,,,33,34,35,36
56,57,58,59,60,61,62,63,64,65,,,,,
49,50,51,52,53,54,55,56,57,58,59,60,61,62,63
,,,,,,,,,,30,31,32,33,34
,,,,,,,,,,,30,31,32,33
49,50,51,52,,,,,,,,,,,
,30,31,32,33,34,35,36,37,38,39,40,41,42,43
,,,,,,,,,32,33,34,35,36,37
,,59,60,61,62,,,,,,,,,
55,56,57,58,59,60,,,,,,,,,
,,,,30,31,32,33,34,35,36,37,38,39,40
,30,31,32,33,34,,,,,,,,,
,,,,,,,,,,,,64,65,
40,41,42,43,44,45,46,47,48,49,50,51,52,53,54
,,,,,,,,,30,31,32,33,,
49,50,51,52,53,54,55,56,57,58,59,60,61,62,63
48,49,50,51,52,,,,,,,,,,
,,39,40,41,42,43,44,45,46,47,48,49,50,51
48,49,50,51,52,53,54,55,56,57,58,59,60,61,62
,,,,,,,,,31,32,33,34,35,36
,,,,30,31,32,33,34,35,36,37,38,39,40
,,,,30,31,32,33,34,35,36,37,38,39,40
34,35,36,37,38,39,40,41,42,43,44,45,,,
50,51,52,53,54,55,56,57,58,59,60,61,62,63,64
,,,,,,,30,31,32,33,34,35,36,37
,,,,,,,,,30,31,32,33,34,35
,,,,,,,,,,,30,31,32,33
,,,,,30,31,32,33,34,35,36,37,38,39
,,,,30,31,32,33,34,35,36,37,,,
50,51,52,53,54,55,56,57,58,59,60,61,62,63,64
,,,,,,,,,,30,31,32,33,
52,53,54,55,56,57,58,59,60,61,62,63,64,65,
54,55,56,57,58,59,60,61,62,63,64,65,,,
,,,,30,31,32,33,34,35,36,37,38,39,40
43,44,45,46,47,48,49,50,51,52,53,54,55,56,57
37,38,39,40,41,,,,,,,,,,
41,42,43,44,45,46,47,48,49,50,51,52,53,54,55
53,54,55,56,57,58,59,60,61,62,63,64,65,,
,,30,31,32,33,34,35,36,37,38,39,40,41,42
,,,,,,30,31,32,33,34,35,36,37,38
,,,30,31,32,33,34,35,36,37,38,39,40,41
38,39,40,41,42,43,44,45,46,47,48,49,50,51,52
,,,,,,,,,,,,,36,37
56,57,58,59,60,61,62,63,64,65,,,,,
,,30,31,32,33,34,35,36,37,38,39,40,41,
,,,,,,,30,31,32,33,34,35,36,37
30,31,32,33,34,35,36,37,38,39,40,41,42,43,44
,30,31,32,33,34,35,36,37,38,39,40,41,42,43
31,32,33,34,35,36,37,38,39,40,41,42,43,44,
31,32,33,34,35,36,37,38,39,40,41,42,43,44,45
52,53,54,55,56,,,,,,,,,,
33,34,35,36,37,38,39,40,41,42,43,44,45,46,47
,30,31,32,33,34,35,36,37,38,39,40,41,42,43
,30,31,,,,,,,,,,,,
,,,,,,33,34,35,36,37,38,39,40,41
31,32,33,34,35,36,37,38,39,,,,,,
,,,,,,30,31,32,33,34,35,36,37,38
,,,,35,36,37,38,39,40,41,42,43,44,45
,,,,,,,,,,,30,31,32,33
,,,,,,,,,,,,34,35,36
53,54,55,56,57,58,59,60,61,62,63,64,65,,
34,,,,,,,,,,,,,,
,,,30,31,32,33,34,35,36,,,,,
,,,,,,,,,,,,41,42,43
38,39,40,41,42,43,44,45,46,47,48,49,50,51,52
,,,,,,32,33,34,35,,,,,
,,,,,,,,,,,,,37,38
39,40,41,42,43,,,,,,,,,,
42,43,44,45,46,47,48,49,50,51,52,53,54,55,56
56,57,58,59,60,61,62,63,64,65,,,,,
57,58,59,60,61,62,63,64,65,,,,,,
,,,,,,,,,30,31,32,33,34,35
,30,31,32,33,34,35,36,37,38,39,40,41,42,43
,,30,31,32,33,34,35,36,37,38,39,40,41,42
30,31,32,33,34,35,36,37,38,39,40,41,42,43,44
,,,,,,30,31,,,,,,,
,,,,,30,31,,,,,,,,
51,52,53,54,55,56,57,58,59,60,61,62,63,64,65
38,39,40,41,42,43,44,45,,,,,,,
33,34,35,36,37,38,39,40,41,42,43,44,45,46,47
51,52,53,54,55,56,57,58,59,60,61,62,63,64,65
,30,31,32,33,34,35,36,37,38,39,40,41,42,43
53,54,55,56,57,58,59,60,61,62,63,64,65,,
30,31,32,33,34,35,36,37,38,39,40,41,42,43,44
34,35,36,37,38,39,40,41,42,43,44,45,46,47,48
55,56,57,58,59,60,61,62,63,64,65,,,,
,,,,,30,31,32,33,34,35,36,37,38,
43,44,45,46,47,48,49,50,51,52,53,54,55,56,57
58,59,60,61,62,63,64,65,,,,,,,
,,,,,,,30,31,32,33,34,35,36,37
,,,,,,,,,,,30,31,32,33
,,,30,31,32,33,34,35,36,37,38,39,40,41
,,,,,,,,,,,30,31,32,33
,,,,47,48,49,50,51,52,53,54,55,56,57
40,41,42,43,,,,,,,,,,,
34,35,36,37,38,39,40,41,42,43,44,45,46,47,48
,,,,,,,,,31,32,33,34,35,36
33,34,35,36,37,38,39,40,41,42,43,44,45,46,47
33,34,35,36,37,38,39,40,41,42,43,44,45,46,47
36,37,38,39,40,41,42,43,44,45,46,47,48,49,50
,,,,,,30,31,32,33,34,35,36,37,38
,,,,,,,,,,40,41,42,43,44
31,32,33,,,,,,,,,,,,
34,35,36,37,38,39,40,41,42,43,44,45,46,47,48
,,,,,,,,35,36,37,38,39,40,41
,,,30,31,32,33,34,35,36,37,38,39,40,41
34,35,36,37,38,39,40,41,42,43,44,45,46,47,48
41,42,43,44,45,46,47,48,49,50,51,52,53,54,55
31,32,33,34,35,36,37,38,39,40,41,42,43,44,45
,,,,31,32,33,34,35,36,37,38,39,40,41
30,31,32,33,34,35,36,37,38,39,40,41,42,43,44
,,,30,31,32,33,34,35,36,37,38,39,40,41
,,,,,,,,,30,31,32,33,34,35
56,57,,,,,,,,,,,,,
,,,,30,31,32,33,34,35,36,37,38,39,40
37,38,39,40,41,42,43,44,45,46,47,48,49,50,51
,,30,31,32,33,34,35,36,37,38,,,,
,,,,,,,,30,31,32,33,34,35,36
52,53,54,55,56,57,58,59,60,61,62,63,64,65,
,,,,,,30,31,32,33,34,35,36,37,38
,,30,31,32,33,34,35,36,37,38,39,40,41,42
,,,,,,,30,31,32,33,34,35,36,37
,,,42,43,44,45,46,47,48,49,50,51,52,53
43,44,45,46,47,48,49,50,51,52,53,54,55,56,57
,,,,,,,,,,30,31,32,33,34
,,,,30,31,32,33,34,35,,,,,
,,,,,,,30,31,32,33,34,35,36,37
,,,,,,,,,30,31,32,33,34,35
45,46,47,48,49,50,51,52,53,54,55,56,57,58,59
30,31,32,33,34,35,36,37,38,39,40,41,42,43,44
45,46,47,48,49,50,51,52,53,54,55,56,57,58,59
30,31,32,33,34,35,36,37,38,39,40,41,42,43,
,,,,,,,,,30,31,32,33,34,35
,,,,,,,,,34,35,36,37,38,39
30,31,32,33,34,35,36,37,38,39,40,41,42,43,44
,,,,,,30,31,32,33,34,35,36,37,38
51,52,53,54,55,56,57,58,59,60,61,62,63,64,65
,,,30,31,32,33,34,35,36,37,38,39,40,41
51,52,53,54,55,56,57,58,59,60,61,62,63,64,65
,,,,,,,,30,31,32,33,34,35,36
,52,53,54,55,56,57,58,59,60,61,62,63,64,65
,,,,,,,,,30,31,,,,
50,51,52,53,54,55,56,57,58,59,60,61,62,63,64
44,45,46,47,48,49,50,51,52,53,54,55,56,57,58
,,,,,,,,,,30,31,32,33,
,,,,,,,,47,48,49,50,51,52,53
,,,,,,,,,,,43,44,45,
36,37,38,39,40,41,42,43,44,45,46,47,48,49,50
,,,,,,,30,31,32,33,34,35,36,37
35,36,37,38,39,40,41,42,43,44,45,46,47,48,49
,,,,,,,30,31,32,33,34,35,36,37
,30,31,32,33,34,35,36,37,38,,,,,
31,32,33,34,35,36,,,,,,,,,
56,57,58,59,60,61,62,63,64,65,,,,,
,,,,,,,,,,36,37,38,39,40
48,49,50,51,52,53,54,55,56,57,58,59,60,61,62
49,50,51,52,53,54,55,56,57,58,59,60,61,62,63
,,,,,,30,31,32,33,34,35,36,37,38
46,47,48,49,50,51,52,53,54,55,56,57,58,59,60
,,,,,,,,,30,31,32,33,34,35
49,50,51,52,53,54,55,56,57,58,59,60,61,62,63
56,57,58,59,60,61,62,63,64,65,,,,,
30,31,32,33,34,35,36,37,38,39,40,41,42,43,44
,,,,48,49,50,,,,,,,,
41,42,43,44,45,46,47,48,49,50,51,52,53,54,55
48,49,50,51,52,53,54,55,56,57,58,59,60,61,62
,,,,,30,31,32,33,34,35,36,37,38,39
,,,,,,,30,31,32,33,34,35,36,37
50,51,52,53,54,55,56,57,58,59,60,61,62,63,64
50,51,52,53,54,55,56,57,58,59,60,61,62,63,64
,,,,,30,31,32,33,34,35,36,37,38,39
,,,,,,,,,,,30,31,32,33
,,,,,30,31,32,33,34,35,36,37,38,
40,41,42,43,,,,,,,,,,,
32,33,34,35,36,37,38,39,40,41,42,43,44,45,46
33,34,35,36,37,38,39,40,41,42,43,44,45,46,47
41,42,43,44,45,46,47,48,49,50,51,52,53,54,55
,,,,,,,,,30,31,32,33,34,35
,,,,,,,,,,,37,38,39,40
51,52,53,54,55,56,57,58,59,60,61,62,63,64,65
,,,,,,,,30,31,32,33,34,35,36
,,,30,31,32,33,34,35,36,37,38,39,40,41
30,31,32,33,34,35,36,37,38,39,40,41,42,43,44
,,,30,31,32,33,34,35,36,37,38,39,40,
,,,30,31,32,33,34,35,36,37,,,,
47,48,49,50,51,52,53,54,55,56,57,58,59,60,61
,,,,,,,,,,,30,31,32,33
37,38,39,40,41,42,43,44,45,46,47,48,49,50,51
35,36,37,38,39,40,41,42,43,44,45,46,47,48,49
,,,,,30,31,32,33,34,35,,,,
,,,30,31,32,33,34,35,36,37,38,39,40,41
,,,,,,,,,,34,35,36,37,38
,,,,,,,,,,33,34,35,36,37
35,36,37,38,39,40,,,,,,,,,
31,32,33,34,35,36,37,38,39,40,41,42,43,44,45
50,51,52,53,54,55,56,57,58,59,60,61,62,63,64
,,,,,,30,31,32,33,34,35,36,37,38
,,,,,30,31,32,33,34,35,36,37,38,39
,,,,,,34,35,36,37,38,39,40,41,42
,,,,,,,,,,,35,36,37,38
,,,,,,,,,,,,,32,33
49,50,51,52,53,54,55,56,57,,,,,,
,,,,30,31,32,33,34,35,36,37,38,39,
52,53,54,55,56,57,58,59,60,61,62,63,64,65,
40,41,42,43,44,45,46,47,48,49,50,51,52,53,54
46,47,48,49,50,51,52,53,54,55,56,57,58,59,60
,30,,,,,,,,,,,,,
47,48,49,50,51,52,53,54,55,56,57,58,59,60,61
36,37,38,39,40,41,42,,,,,,,,
56,57,58,59,60,61,62,63,64,65,,,,,
,,,,,,,,,30,31,32,33,34,35
47,48,49,50,51,52,53,54,55,56,57,58,59,60,61
,,,,,,,,,30,31,32,33,34,35
,,,,,,,30,31,32,33,34,35,36,37
,,,,,,,,,,,,39,40,41
55,56,57,58,59,60,61,,,,,,,,
,30,31,32,33,34,35,36,37,38,39,40,41,42,43
37,38,39,40,41,42,43,44,45,46,47,48,49,50,51
39,40,41,42,43,44,,,,,,,,,
30,31,32,33,34,35,36,37,38,39,40,41,42,43,44
51,52,53,54,55,56,57,58,59,60,61,62,63,64,65
30,31,32,33,34,35,36,37,38,39,40,41,42,43,44
,,30,31,32,33,34,35,36,37,38,39,40,41,42
40,41,42,43,44,45,46,47,48,49,50,51,52,53,54
,,,,,,,30,,,,,,,
,,,,30,31,32,33,34,35,36,37,38,39,40
31,32,,,,,,,,,,,,,
,,,,,,,43,44,45,46,47,48,49,50
,,,,,,,,,,30,31,32,33,34
,,,,,,,,,30,31,32,33,34,35
48,49,50,51,52,53,54,55,56,57,58,59,60,61,62
,,30,31,32,33,34,35,36,37,38,39,40,41,
30,31,32,33,34,35,36,37,38,39,40,41,42,43,44
37,38,39,40,41,42,43,44,45,46,47,48,49,50,51
,,,,,,,,,41,42,43,44,45,
34,,,,,,,,,,,,,,
32,33,34,35,36,37,38,39,40,41,42,43,44,45,46
,,,,,,,,,,,47,48,49,50
,,,,,,,30,31,32,33,34,35,36,37
,,,,,,,,30,31,32,33,34,35,36
35,36,37,38,,,,,,,,,,,
39,40,41,42,43,44,45,46,47,48,49,50,51,52,53
,,,,,,,30,31,32,33,34,35,36,37
,,,,30,31,32,33,34,35,36,37,38,39,40
,,,33,34,35,36,37,38,39,40,41,42,43,44
,,,,,,,32,33,34,35,36,37,38,39
39,40,41,42,43,44,45,46,47,48,49,50,51,52,53
54,55,56,57,58,59,60,61,62,63,64,65,,,
30,31,32,33,34,35,36,37,38,39,40,41,42,43,44
55,56,57,58,59,60,61,62,63,64,65,,,,
56,57,58,59,60,61,,,,,,,,,
,,,,,,,30,31,32,33,34,35,36,37
31,32,33,34,35,36,37,,,,,,,,
37,38,39,40,,,,,,,,,,,
54,55,56,57,58,59,60,,,,,,,,
30,31,32,33,34,35,36,37,38,39,40,41,42,,
,,,44,45,46,47,48,49,50,51,52,53,,
41,42,43,44,45,46,47,48,49,50,51,52,53,54,55
,,,,,,,30,31,32,33,34,35,36,37
40,41,42,43,44,45,46,47,48,49,50,51,52,53,54
,,,,,,,,,,,30,31,32,33
49,50,51,52,53,54,55,56,57,,,,,,
38,39,40,41,42,43,44,45,46,47,48,49,50,51,52
,,,,,,,30,31,32,33,34,35,36,37
,,,,,,30,31,32,33,34,35,36,37,38
,,,,,,,,,,,32,33,34,35
54,55,56,57,58,59,60,61,62,63,64,65,,,
,,,,30,31,32,33,34,35,36,37,38,39,40
47,48,49,50,51,52,53,54,55,56,57,58,59,60,61
,,,30,31,32,33,34,35,,,,,,
,,,,,30,31,32,33,34,35,36,37,38,39
37,38,39,40,41,42,43,44,45,46,47,48,49,50,51
36,37,38,39,40,41,42,43,44,45,46,47,48,49,50
35,36,37,38,39,40,41,42,43,44,45,46,47,48,49
48,49,50,51,52,53,54,55,56,57,58,59,60,61,62
34,35,36,37,38,39,40,41,42,43,44,45,46,47,48
31,32,33,34,35,36,37,38,39,40,41,42,43,44,45
37,38,39,40,41,42,43,44,45,46,47,48,49,50,51
30,31,32,33,34,35,36,37,38,39,40,41,42,43,44
33,34,35,36,37,38,39,40,41,42,43,44,45,46,47
54,55,56,57,58,59,60,61,62,63,64,65,,,
,30,31,32,33,34,35,36,37,38,39,40,41,42,43
,,,,,,,30,31,32,33,34,35,36,37
,,,,,,,,41,42,43,44,45,46,47
49,50,51,52,53,54,55,56,57,58,,,,,
32,33,34,35,36,37,38,39,40,41,42,43,44,45,46
49,50,51,52,53,54,55,56,57,58,59,60,61,62,63
,,,,,,,30,31,32,33,34,35,36,37
,,,,,38,39,,,,,,,,
43,44,45,46,47,48,49,50,51,52,53,54,55,56,57
,,,30,31,32,33,34,35,36,37,38,39,40,41
30,31,32,33,34,,,,,,,,,,
46,47,48,49,50,51,52,53,54,55,56,57,58,59,60
33,34,35,36,37,38,39,40,41,42,43,44,45,,
,,,,,,,,,,,34,35,36,37
,,,,,,,61,62,63,64,65,,,
57,58,59,60,61,62,63,64,65,,,,,,
,,,,,,,,,37,38,39,40,41,42
,,,,,,,30,31,32,33,34,35,36,37
,,,,,30,,,,,,,,,
51,52,53,54,55,56,57,58,59,60,61,62,63,64,65
,,,,,,,,30,31,32,33,34,35,36
,,,30,31,32,33,34,35,36,37,38,39,40,41
,,30,31,32,33,34,35,,,,,,,
,,,,30,31,32,33,34,35,36,37,38,39,40
,,,,,,,30,31,32,33,34,35,36,37
,,,,,,38,39,40,41,42,43,44,45,46
45,46,47,48,49,50,51,,,,,,,,
,,,,,,,,,,30,31,32,33,34
,,,,,,,,,30,31,32,33,,
33,34,35,36,37,38,39,40,41,42,43,44,45,46,47
55,56,57,58,59,60,61,62,63,64,65,,,,
50,51,52,53,54,55,56,57,,,,,,,
57,58,59,60,,,,,,,,,,,
,,,,,,,,35,36,37,38,39,40,41
,,,,,,,,30,31,32,33,34,35,36
41,42,43,44,45,46,47,48,49,50,51,52,53,54,55
37,38,39,40,41,,,,,,,,,,
,,,30,31,,,,,,,,,,
,,,,,,31,32,33,34,,,,,
49,50,51,52,53,54,55,56,57,58,59,60,61,62,63
,,,,,,30,31,32,33,34,35,36,37,38
,,,,,,30,31,32,33,34,35,36,37,38
,,,,,38,39,,,,,,,,
51,52,53,54,55,56,57,58,59,60,61,62,,,
,,,,30,31,32,33,34,35,36,37,38,39,40
30,31,32,33,34,35,36,37,38,39,40,41,42,43,44
,,,,,,,30,31,32,33,34,35,36,37
48,49,50,51,52,53,54,55,56,57,58,59,60,61,62
42,43,44,45,46,47,48,49,50,51,52,53,54,55,56
,,,,30,31,32,33,34,35,36,37,38,39,40
,,,,,,,,30,31,32,,,,
,,,,,,,,,,,,,46,47
54,55,,,,,,,,,,,,,
58,59,60,61,62,63,64,65,,,,,,,
,,30,31,32,33,34,35,36,37,38,39,40,41,42
,,,30,31,32,33,34,35,36,37,38,39,40,41
56,57,58,59,60,61,62,63,64,65,,,,,
,,,30,31,32,33,34,35,36,37,38,39,40,41
58,59,60,61,62,63,64,65,,,,,,,
,,,,,,30,31,32,33,34,35,36,37,38
34,35,36,37,38,39,40,41,42,43,44,45,46,47,48
,,30,31,32,33,34,35,36,37,38,39,40,41,42
,,,,30,31,32,33,34,35,36,37,38,39,40
,,,,,,,,,,30,31,32,33,34
55,56,57,58,59,60,61,62,63,64,65,,,,
,,,,,,30,31,32,33,34,35,36,37,
,,,,,,,,38,39,40,41,42,43,44
54,55,56,57,58,59,60,61,62,63,64,65,,,
,,,30,31,32,33,34,35,36,37,38,39,40,41
34,35,36,37,38,39,40,41,42,43,44,,,,
46,47,48,49,50,51,52,53,54,55,56,57,58,59,60
44,45,46,47,48,49,50,51,52,53,54,55,56,57,58
50,,,,,,,,,,,,,,
45,46,47,48,49,50,51,52,53,54,55,56,57,58,59
56,57,58,59,60,61,62,,,,,,,,
42,43,44,45,46,47,48,49,50,51,52,53,54,55,56
43,44,45,46,47,48,49,50,51,52,53,54,55,56,57
,,,,,,,30,31,32,33,34,35,36,37
48,49,50,51,52,53,54,55,56,57,58,59,60,61,62
,,,,,,,,,,,,32,33,34
,,,,30,31,32,33,34,35,36,37,38,39,40
,,,,,30,31,32,,,,,,,
,,,,,,,,,,,30,31,32,33
41,42,43,44,45,46,47,48,49,50,51,52,53,54,55
,,,,,,,,,,,30,31,32,33
54,55,56,57,58,59,60,61,62,63,64,65,,,
,,,,,,34,35,36,37,38,39,40,41,42
,,,,,,,,,,,30,31,32,33
,,,,,,,,,,,,32,33,34
,,,,30,31,32,33,34,35,36,37,38,39,40
52,53,54,55,,,,,,,,,,,
,,,,,,30,31,32,33,34,35,36,37,38
,,,,,,,,30,31,32,33,34,35,36
,,,,30,31,32,33,34,35,36,37,38,39,40
48,49,50,51,52,53,54,55,56,57,58,59,60,61,62
,,,,,,30,31,32,33,34,35,36,37,38
,,,,,,,,,,,37,38,39,40
,,,,,,,,30,31,32,33,34,35,36
39,40,41,42,43,44,45,46,47,48,,,,,
34,35,36,37,38,39,40,41,42,43,44,45,46,47,48
32,33,34,35,36,37,38,39,40,41,42,43,44,45,46
,,,,,,,,30,31,32,33,34,35,36
51,52,53,54,55,56,57,58,59,60,61,62,63,64,65
31,32,33,34,35,36,37,38,39,40,41,42,43,44,45
,57,58,,,,,,,,,,,,
47,48,49,50,51,52,53,54,55,56,57,58,59,60,61
32,33,34,35,36,37,38,39,40,41,42,43,44,45,46
56,57,58,59,60,61,62,63,64,65,,,,,
46,47,48,49,50,51,52,53,54,55,56,57,58,59,60
,,,,,,,,,,30,31,32,33,34
,,,,30,31,32,33,34,35,36,37,38,39,40
,54,55,56,57,58,59,60,,,,,,,
54,55,56,57,58,59,60,61,,,,,,,
39,40,41,42,43,44,45,46,47,48,49,50,51,52,53
48,49,50,51,52,53,54,55,56,57,58,59,60,61,62
41,42,43,44,45,46,47,48,49,50,51,52,53,54,55
49,,,,,,,,,,,,,,
49,50,51,52,53,54,55,56,57,58,59,60,61,62,63
,,,,,30,31,32,33,34,35,36,37,,
30,31,32,33,34,35,36,37,38,39,40,41,42,43,44
50,51,52,53,54,55,56,57,58,59,60,61,62,63,
,,,39,40,41,42,43,44,45,46,47,48,49,
37,38,39,40,41,42,43,44,45,46,47,48,49,50,51
,,,,,,,,,,,,43,44,45
,,,,,,,30,31,32,33,,,,
,,,30,31,32,33,34,35,36,37,38,39,40,41
,,,,,,,,,,,,46,47,
,,,,,,30,31,32,33,34,35,36,37,38
57,58,59,60,61,62,63,64,65,,,,,,
37,38,39,40,41,42,43,44,45,46,,,,,
41,42,43,44,45,46,47,48,49,50,51,52,53,54,55
,,,,,,37,38,39,40,41,42,43,44,45
,,,,,,,31,32,33,,,,,
48,49,50,51,52,53,54,55,56,57,58,59,60,61,62
,,,,,,,,,,,30,31,32,33
,,,,,,,,,30,31,32,33,34,35
,,,,,,,,,,,30,31,32,33
57,58,59,60,61,62,63,64,65,,,,,,
38,39,40,41,42,43,44,45,46,47,48,49,50,51,52
56,57,58,59,60,61,62,63,64,65,,,,,
,,,,,,,,,30,,,,,
42,43,44,45,46,47,48,49,50,51,52,53,54,55,56
47,48,49,50,51,52,53,54,55,56,57,58,,,
47,48,,,,,,,,,,,,,
,,,,,,,,54,55,56,57,,,
32,33,34,35,36,37,38,39,40,41,42,43,44,45,
,,30,31,32,33,34,35,36,37,38,39,40,41,42
58,59,60,61,62,63,,,,,,,,,
46,47,48,49,50,51,52,53,54,55,56,57,58,59,60
,,30,31,32,33,34,35,36,37,38,39,40,,
,30,31,32,33,34,35,36,37,38,39,40,41,42,43
30,31,32,33,34,35,36,37,38,,,,,,
,,,30,31,32,33,34,35,36,37,38,39,40,41
,,,,,,30,31,32,33,34,35,36,37,
,,,,,,,33,34,35,36,37,38,39,40
,,,,,,,,,,36,37,38,39,40
45,46,47,,,,,,,,,,,,
,53,54,55,56,57,58,59,60,61,62,63,64,65,
44,45,46,47,48,49,50,51,52,53,54,55,,,
,,,,,,,,30,31,,,,,
36,37,38,39,40,41,42,43,44,45,46,47,48,49,50
55,56,57,58,59,60,61,62,63,64,65,,,,
48,49,50,51,52,53,54,55,56,57,58,59,60,61,62
,30,31,32,33,34,35,36,37,38,39,40,41,42,43
47,48,49,50,51,52,53,54,55,56,57,58,59,60,61
,,,,,,,50,51,52,53,,,,
,,,,,,,,,,,30,31,32,
34,35,36,37,38,39,40,41,42,43,44,45,46,47,48
43,44,45,46,47,48,49,50,51,52,53,54,55,56,57
,,,,,,,,,,,,37,38,39
33,34,35,36,37,38,39,40,41,42,43,44,,,
33,34,,,,,,,,,,,,,
33,34,35,36,37,38,39,40,41,42,43,44,45,46,47
57,58,59,60,61,62,63,64,65,,,,,,
,,30,,,,,,,,,,,,
,30,31,32,33,34,35,36,37,38,39,40,41,42,43
,,,,30,31,32,33,34,35,36,37,38,,
40,41,42,43,44,45,46,47,48,49,50,51,52,53,54
40,41,42,43,44,45,46,47,48,49,50,51,52,53,54
44,45,46,47,48,49,50,51,52,53,54,55,56,57,58
39,40,,,,,,,,,,,,,
33,34,35,36,37,38,39,40,41,42,43,44,45,46,47
52,53,54,55,56,57,58,59,60,61,62,63,64,65,
,,,,,,30,31,32,33,34,35,36,37,38
32,33,34,35,,,,,,,,,,,
33,34,35,36,37,38,39,40,41,42,43,44,45,46,47
45,46,47,48,49,50,51,52,53,54,55,56,57,58,59
,,,,,,,33,34,35,36,37,38,39,40
56,57,58,59,60,61,62,63,64,65,,,,,
,,,,,,,,,30,31,32,33,34,35
,,,,,,,,46,47,48,49,50,51,52
,30,31,32,33,34,35,36,37,38,39,40,41,42,43
33,34,35,36,37,38,39,40,41,42,43,44,45,46,47
44,45,46,47,48,49,50,51,52,53,54,55,56,57,58
50,51,52,53,54,55,56,57,58,59,60,61,62,63,64
,,,,,,,,30,31,32,33,34,35,36
,,,,,,,,,,30,31,32,33,34
,,30,31,32,,,,,,,,,,
51,52,53,54,55,56,57,58,59,60,61,62,63,64,65
,,30,31,32,33,34,35,36,37,38,39,40,41,42
46,47,48,49,50,51,52,53,54,55,56,57,58,59,60
33,34,35,36,37,38,39,40,41,42,,,,,
54,55,56,57,58,59,60,61,62,63,64,65,,,
33,34,35,36,37,38,39,40,41,42,43,44,,,
,36,37,38,39,40,41,42,43,44,45,46,47,48,49
58,59,60,61,62,63,64,,,,,,,,
36,37,38,39,40,41,42,43,44,45,46,47,48,49,50
33,34,35,36,37,38,39,40,41,42,43,44,45,46,47
47,48,49,50,51,52,53,54,55,56,57,58,59,60,
40,41,42,43,44,45,46,47,48,49,50,51,52,53,54
,,,,,,,,,,,,43,44,45
31,32,33,34,35,36,37,38,39,40,41,42,43,44,45
41,42,43,44,45,46,47,48,49,50,51,52,53,54,55
38,39,40,41,42,43,44,45,46,47,48,49,50,51,52
,,,,30,31,32,33,34,35,36,37,38,39,40
49,50,51,52,53,54,55,56,57,58,59,60,61,62,63
37,38,39,40,41,42,43,44,45,46,47,48,49,50,51
50,51,52,53,54,55,56,57,58,59,60,61,,,
,,,,,30,31,32,33,34,35,36,,,
,,,,,,,52,53,54,55,56,57,58,59
46,47,48,49,50,51,,,,,,,,,
40,41,42,43,44,45,46,47,48,49,50,51,52,53,54
47,48,49,50,51,52,,,,,,,,,
46,47,48,49,50,51,52,53,54,55,56,57,58,59,60
55,56,57,58,,,,,,,,,,,
,,,,,,,,,30,31,32,33,34,35
30,31,32,33,34,35,36,37,38,39,40,41,42,43,44
31,32,33,34,35,36,37,38,39,40,41,42,43,44,45
32,33,,,,,,,,,,,,,
40,41,42,43,44,45,46,47,48,49,50,51,52,53,54
50,51,52,53,54,55,56,57,58,59,60,61,62,63,64
,,,,,,,,,,30,31,32,33,34
,,,,,,,,,,,30,31,32,33
56,57,58,59,60,61,62,63,64,65,,,,,
,,30,31,32,33,34,35,36,37,38,39,40,41,42
51,52,53,54,55,56,57,58,59,60,61,62,63,64,65
,,,,,30,31,32,33,34,35,36,37,38,39
41,42,43,44,45,46,47,48,49,50,51,52,53,54,55
,,,,,,,,,,30,31,32,33,34
,,,,,,,,,,34,35,36,37,38
,,,,,,,,,,,,37,38,39
,,,,,,,30,31,,,,,,
,,,,,,,,,,,,42,43,44
50,,,,,,,,,,,,,,
37,38,39,40,41,42,43,44,45,46,47,48,49,50,51
33,34,35,36,37,,,,,,,,,,
,,,,,,,,35,36,37,38,39,40,41
,,,30,31,32,33,34,35,36,37,38,39,40,41
54,55,56,57,58,59,60,61,62,63,64,65,,,
,,,,30,31,32,33,34,35,36,37,38,39,40
,30,31,,,,,,,,,,,,
54,,,,,,,,,,,,,,
,,,,,,,,,,30,31,32,33,34
45,46,47,48,49,50,51,52,53,54,55,56,57,58,59
31,32,33,34,35,36,37,38,39,40,41,42,43,44,45
,,,,,,,,,,,30,31,32,33
,,,,,,30,31,32,33,34,35,36,37,38
,,,,,,,,,,,,65,,
,,,,,33,34,,,,,,,,
,,,,,,,35,36,37,38,39,40,41,42
58,59,60,61,62,,,,,,,,,,
,,,,,,,,,,,,,43,44
,,30,31,32,33,34,35,36,37,38,39,40,41,42
,,,,33,34,35,36,37,38,39,40,41,42,43
52,53,54,55,56,57,58,59,60,61,62,63,64,65,
,,,,30,31,32,33,34,35,36,37,38,39,40
37,38,,,,,,,,,,,,,
,,,,,,,,,,,,,37,38
47,48,49,50,51,52,53,54,55,56,57,58,59,60,61
,,,,,,,,,,30,31,32,33,34
,,,30,31,32,33,34,35,36,37,38,39,40,41
57,58,59,60,61,62,63,64,65,,,,,,
31,32,33,34,35,36,37,38,39,40,41,42,43,44,45
38,39,40,41,42,43,44,45,46,47,48,49,50,51,52
,,,,,30,31,32,33,34,35,36,37,38,
31,32,33,34,35,36,37,38,39,40,,,,,
35,36,37,38,39,40,41,42,43,44,45,46,47,48,49
40,41,42,43,44,45,46,47,48,49,50,51,52,53,54
,,,,,,31,32,33,34,35,36,37,38,39
51,52,53,54,55,56,57,58,59,60,61,62,63,64,65
,,,,,,,30,31,32,,,,,
52,53,54,55,56,57,58,59,60,61,62,63,64,65,
55,56,57,58,59,60,61,62,63,64,65,,,,
56,57,58,59,60,61,62,63,64,65,,,,,
,30,31,,,,,,,,,,,,
,,,,,31,32,33,34,35,36,37,38,39,40
52,53,54,55,56,57,58,59,60,61,62,63,64,65,
,,,,,,,,30,31,32,33,34,35,36
45,46,47,48,49,50,51,52,53,54,55,,,,
34,35,36,37,38,39,40,41,42,43,44,45,,,
42,43,44,45,46,,,,,,,,,,
43,44,45,46,47,48,,,,,,,,,
58,59,60,61,62,63,64,65,,,,,,,
,,,,,,30,31,32,33,34,35,36,37,38
30,31,32,33,34,35,36,37,38,39,40,41,42,43,44
57,58,59,60,61,62,63,64,65,,,,,,
54,55,56,57,58,59,60,61,62,63,64,65,,,
34,35,36,37,38,39,40,41,42,43,44,45,46,47,48
36,37,38,39,40,41,42,43,44,45,46,47,48,49,50
51,52,53,54,55,56,57,58,59,60,61,62,63,64,65
37,38,39,40,41,42,43,44,45,46,47,48,49,,
32,33,34,35,36,37,38,39,40,41,42,43,44,45,46
33,34,35,36,37,38,,,,,,,,,
,,,,,35,36,37,38,39,40,41,42,43,44
,,,,,,,,,30,31,32,33,34,35
,,,,,,,,,30,31,32,33,34,35
,,,,,,,,,30,31,32,33,34,35
,,,,,,,,,,,30,31,32,33
56,57,58,59,60,61,62,63,64,65,,,,,
,30,31,32,33,34,35,36,37,38,39,40,41,42,43
,,30,31,32,33,34,35,36,37,38,39,40,41,42
51,52,53,54,55,56,57,58,59,60,61,62,63,,
47,48,,,,,,,,,,,,,
41,42,43,44,45,46,47,48,49,50,51,52,53,54,55
41,42,43,44,45,46,47,48,49,50,51,52,53,54,55
36,37,38,39,40,41,42,43,44,45,46,47,48,49,50
,,,,30,31,32,33,34,35,36,37,38,39,40
,,,,,30,31,32,33,34,35,36,37,38,39
,,,,,,30,31,32,33,34,35,36,37,38
,30,31,32,33,34,35,36,37,38,39,40,41,42,43
,,,,,30,31,32,33,34,35,36,37,38,39
47,48,49,50,51,52,53,54,55,56,57,58,59,60,61
,,,,,,,30,31,32,33,34,35,36,37
32,33,34,35,36,37,38,39,40,41,42,43,44,45,46
53,54,55,56,57,58,59,60,61,62,63,64,65,,
,,,,42,43,44,45,46,47,48,49,50,51,52
53,54,55,56,57,58,59,60,61,62,63,64,65,,
44,45,46,47,48,49,50,51,52,53,54,55,56,57,58
,,,,,,,,,,30,31,32,33,34
54,55,56,57,58,,,,,,,,,,
,30,31,32,33,34,35,36,37,38,39,40,41,42,43
45,46,47,48,49,50,51,52,53,54,55,56,57,58,59
31,32,33,34,35,36,37,38,39,40,41,42,43,44,45
,,,,,,,,,30,,,,,
52,53,54,55,56,57,58,59,60,61,62,63,64,65,
31,32,33,34,35,36,37,38,39,40,41,42,43,44,45
31,32,33,34,35,36,37,38,39,40,41,42,43,44,45
,,,,,,,,,,30,31,32,33,34
42,,,,,,,,,,,,,,
,,,,,30,31,32,33,34,35,36,37,38,39
,,,46,47,48,49,,,,,,,,
,,,,,,,,52,53,54,55,56,57,58
51,52,53,54,55,56,57,,,,,,,,
,,,,,,,,30,31,32,33,34,35,36
50,51,52,53,54,55,56,57,58,59,60,61,62,63,64
,,30,31,32,33,34,,,,,,,,
,,,,,,,,,30,31,32,33,34,35
51,52,53,54,55,56,57,58,59,60,61,62,63,64,65
35,36,37,38,39,40,41,42,43,44,45,46,47,48,49
50,51,52,53,54,55,56,57,58,59,60,61,62,63,64
31,32,33,34,35,36,37,38,39,40,41,42,43,44,45
54,55,56,57,58,59,,,,,,,,,
,,30,31,32,33,34,35,36,37,38,39,40,41,42
,,,,30,31,32,33,34,35,36,37,38,39,40
,,,,,30,31,32,33,34,35,36,37,38,39
40,41,42,43,44,45,46,47,48,49,50,51,52,53,54
,,,30,31,32,33,34,35,36,37,38,39,40,41
30,31,32,33,34,35,36,37,38,39,40,41,42,43,44
,,,,,,,,30,31,32,33,,,
55,56,57,58,59,60,61,62,63,64,65,,,,
35,36,37,38,39,40,41,42,43,44,45,46,,,
36,37,38,,,,,,,,,,,,
31,32,33,34,35,36,37,38,39,40,41,42,43,44,45
,,,,,,30,31,32,33,34,35,36,37,38
,,,,,,,,,45,46,47,48,49,50
31,32,33,34,35,36,37,38,39,40,41,42,43,44,45
56,57,58,59,60,61,62,63,64,,,,,,
,,,,,,,,59,60,61,62,63,64,65
49,50,51,52,53,54,55,56,57,58,59,60,61,62,63
42,43,44,,,,,,,,,,,,
,30,31,32,33,34,35,36,37,38,39,40,41,42,43
30,31,32,33,34,35,36,37,38,39,40,41,42,43,44
,,,30,31,32,33,34,35,36,37,38,39,40,41
36,37,38,39,40,41,42,43,44,45,46,47,48,49,50
32,33,34,35,36,37,38,39,40,41,42,43,44,45,46
39,40,41,42,43,44,45,46,47,48,49,50,51,52,53
49,50,51,52,,,,,,,,,,,
,,,,,30,31,,,,,,,,
,,,,,,30,31,32,33,34,35,36,37,38
,32,33,34,35,36,37,38,39,40,41,42,43,44,45
,,,,,,,32,33,34,,,,,
,,,,,,,,30,31,32,33,34,35,36
32,33,34,35,36,37,38,39,40,,,,,,
45,46,47,48,49,50,51,52,53,54,55,56,57,58,59
47,48,49,50,51,52,53,54,55,56,57,58,59,60,61
,,,30,31,32,33,34,35,36,37,38,,,
37,38,39,40,41,42,43,44,45,46,47,48,49,50,51
56,57,58,59,60,61,62,63,64,65,,,,,
54,55,56,57,58,59,,,,,,,,,
,,,,,30,,,,,,,,,
,,,34,35,36,37,38,,,,,,,
32,33,34,35,36,37,38,39,40,41,42,43,44,45,46
49,50,51,52,53,54,55,56,57,58,59,60,61,62,63
41,42,43,44,45,46,47,48,49,50,51,52,53,54,55
,,,,30,31,32,33,34,35,36,37,38,39,40
39,40,41,42,,,,,,,,,,,
,,30,31,32,33,34,35,36,37,38,39,40,41,42
37,38,39,40,41,42,43,44,45,46,47,48,49,50,51
39,40,41,42,43,44,45,46,47,48,49,50,51,52,53
55,56,57,58,59,60,61,62,63,,,,,,
,,,,,,30,31,32,33,34,35,36,37,38
30,31,32,33,34,35,36,37,38,39,40,41,42,43,44
46,47,48,49,50,51,52,53,54,55,56,57,58,59,60
,,,30,31,32,33,34,35,36,37,38,39,40,41
40,41,42,43,44,45,46,47,48,49,50,51,52,53,54
33,34,35,36,37,38,39,,,,,,,,
36,37,38,39,40,41,42,43,44,45,46,47,48,49,50
47,48,49,50,51,52,53,54,55,,,,,,
,,,,,,30,31,32,33,34,35,36,37,38
,,,,,,,30,31,32,33,34,35,36,37
44,45,46,47,48,49,,,,,,,,,
33,34,35,36,37,38,39,40,41,42,43,44,45,,
47,48,49,50,51,52,53,54,55,56,57,58,59,60,61
,,,,,,,,30,31,32,33,34,35,36
,,30,31,32,33,34,35,36,37,38,39,40,41,42
32,33,34,35,36,37,38,39,40,41,42,43,44,45,46
48,49,50,51,52,53,54,55,56,57,58,59,60,61,62
,,,,30,31,32,33,34,35,36,37,38,39,40
,,,,,,,,30,31,32,33,34,35,36
44,45,46,47,48,49,50,51,52,53,54,55,56,57,58
30,31,32,33,34,35,36,37,38,39,40,41,42,43,44
,,,,,,,,,30,31,32,33,34,35
,,,,,,,,,,30,31,32,33,34
,,,,,,,,,30,31,32,33,34,35
,,,,,,,,,,,30,31,32,33
36,37,38,39,40,41,42,43,44,45,46,47,48,49,50
,,,,,30,31,32,33,34,35,,,,
,,,,,,30,31,32,33,34,35,36,,
,,,,,,,,,,,,39,40,41
,,,,,,,,46,47,48,49,50,51,52
51,52,53,54,55,56,57,58,59,60,61,62,63,64,65
33,34,35,36,,,,,,,,,,,
58,59,60,61,62,63,64,65,,,,,,,
,,,,,,,,,,30,31,32,33,34
40,41,42,43,44,45,46,47,48,49,50,51,52,53,54
50,51,52,53,54,55,56,57,58,,,,,,
33,34,35,36,37,38,39,40,41,42,43,44,45,46,47
50,51,52,53,54,55,56,57,58,59,60,61,62,63,64
,,,,,,30,31,32,33,34,35,36,37,38
,30,31,32,33,34,35,36,37,38,39,40,41,42,43
,45,46,47,48,49,,,,,,,,,
35,36,37,38,39,40,41,42,43,44,45,46,47,48,49
47,48,49,50,51,52,53,54,55,56,57,58,59,60,61
,,,,,,,,30,31,32,33,34,35,36
33,34,35,36,37,38,39,40,41,42,43,44,45,46,47
57,58,59,60,61,,,,,,,,,,
,,,,,30,31,32,33,34,35,36,37,38,39
,,,,,,,,30,31,32,33,34,35,36
54,55,56,57,58,59,60,,,,,,,,
56,57,58,59,60,61,62,63,64,65,,,,,
,,,30,31,32,33,34,35,36,37,38,39,40,41
,,,,,,,30,31,32,33,34,35,36,37
,,,,,,,,,30,31,32,33,34,35
,,,30,31,32,33,34,35,36,,,,,
57,58,59,60,,,,,,,,,,,
30,31,32,33,34,35,36,37,38,39,40,41,42,43,44
,,,,,,,,,,30,31,32,33,34
55,,,,,,,,,,,,,,
,,30,31,32,33,34,35,36,37,38,39,40,41,42
,,,30,31,32,33,34,35,36,37,38,39,40,41
32,33,34,35,36,37,38,39,40,41,42,43,44,45,46
31,32,33,34,35,36,37,38,39,40,41,42,43,44,45
56,57,58,59,60,61,62,63,64,65,,,,,
,,,30,31,32,33,34,35,36,37,38,39,40,41
36,37,38,39,40,41,42,43,44,45,46,47,48,49,50
54,55,56,57,58,59,60,61,62,63,64,65,,,
,,,,,,,,,,,,36,37,38
44,45,46,47,48,49,50,51,52,53,54,55,56,57,58
,,,,,,,,30,31,32,33,34,35,36
34,35,36,37,38,39,40,41,42,43,44,45,46,47,48
45,46,47,48,49,50,51,52,53,54,55,56,57,58,59
,,,,,,,,,,30,31,32,33,
,30,31,32,33,34,35,36,37,38,39,40,41,42,43
30,31,32,33,34,35,36,37,38,39,40,41,42,43,44
33,34,35,36,37,38,39,40,41,42,43,44,45,46,47
,,,,,,,,37,38,39,40,41,42,43
38,39,40,41,42,43,44,45,46,47,48,49,50,51,52
,,,,,,30,31,32,33,34,35,36,,
,,,,,,,,,,,30,31,32,33
,,,,,,,,,,,,,39,40
46,47,48,49,50,51,52,53,54,55,56,57,58,59,60
,,,,,30,31,32,33,34,35,36,37,38,39
,,,,,,,,,,30,31,32,33,34
,,49,50,51,52,,,,,,,,,
55,56,57,58,59,60,61,62,63,64,65,,,,
,,,30,31,32,33,34,35,36,37,38,39,40,41
49,50,51,52,53,54,55,56,57,58,59,60,61,62,63
51,52,53,54,55,56,57,58,59,60,61,62,63,,
57,58,59,60,61,62,63,64,65,,,,,,
30,31,32,33,34,35,36,37,38,39,40,41,42,43,44
30,31,32,33,34,35,36,37,38,39,40,41,42,43,44
48,49,50,51,52,53,54,55,56,57,58,59,60,61,62
,,,,,,,,,30,31,32,33,34,35
,,30,31,32,,,,,,,,,,
,46,47,48,49,50,51,52,53,54,55,56,57,58,59
,,,,42,43,44,45,,,,,,,
43,44,45,,,,,,,,,,,,
48,49,50,51,52,53,54,55,56,57,58,59,60,,
48,,,,,,,,,,,,,,
,,,,,,,30,31,32,33,34,35,36,37
,,,,30,31,32,33,,,,,,,
52,53,,,,,,,,,,,,,
31,,,,,,,,,,,,,,
,,,30,31,32,33,34,35,36,37,38,,,
,,30,31,32,33,34,35,36,37,38,39,40,41,42
,,,,,,,30,31,32,33,34,35,36,37
31,32,33,34,35,36,,,,,,,,,
44,45,46,47,48,49,50,51,52,53,54,55,56,57,58
51,52,53,54,55,56,57,58,59,60,61,62,63,64,65
,30,31,32,33,34,35,36,37,38,39,40,41,42,43
43,44,45,46,47,48,49,50,51,52,53,54,55,56,57
31,32,33,34,35,36,37,38,39,40,41,42,43,44,45
46,47,48,49,50,51,52,53,54,55,56,57,58,59,60
50,51,,,,,,,,,,,,,
,,,,,,,30,31,32,33,34,35,36,37
48,49,50,51,52,53,54,55,56,57,58,59,60,61,62
,30,31,32,33,34,35,36,,,,,,,
,,,,,30,31,32,33,34,35,36,37,38,39
,,,,,,30,31,32,33,34,35,36,37,38
37,38,39,40,41,42,43,44,45,46,47,48,49,50,
,,,,,,,,,30,31,32,33,34,35
,,,30,31,32,33,34,35,36,37,38,39,40,41
,,,,,,,30,31,32,33,34,35,36,37
30,31,32,33,34,35,36,37,38,39,40,41,42,43,44
,,,,,,,,,30,31,32,33,34,35
53,54,55,56,57,58,59,60,61,62,63,64,65,,
,,,,,,,30,31,32,33,34,35,36,37
,,,,,,,,,30,,,,,
31,32,33,34,35,36,37,,,,,,,,
,,,,,,,,48,49,50,51,52,53,54
47,48,49,50,51,52,53,54,,,,,,,
,,,,,,30,31,32,33,34,35,36,37,38
,,,,30,31,32,33,34,35,36,37,38,39,40
,,,,,,,,,30,31,32,33,34,35
,,,,,,,,,,,31,32,33,34
,,,,,,,,,,,30,31,32,33
,,,,,,,,,,,,,56,57
57,58,59,60,61,62,63,64,65,,,,,,
,,,33,34,35,36,37,38,39,40,41,42,43,44
,,30,31,32,33,34,35,36,37,38,39,40,41,42
,30,31,32,33,34,35,36,37,38,39,40,41,42,43
50,51,52,53,54,55,56,57,58,59,60,61,62,63,64
38,39,40,41,42,43,44,45,46,47,48,49,50,51,52
,,,,,,,,,30,31,32,33,34,35
,,,,30,31,32,33,34,35,36,37,38,39,40
,,,,30,31,32,33,34,35,36,37,38,39,40
,,,,,,,33,34,35,36,37,,,
33,34,35,36,37,38,39,40,41,42,43,44,45,46,47
38,39,40,41,42,43,44,45,46,47,48,49,50,51,52
,,,,30,31,32,33,34,35,36,37,38,39,40
33,34,35,36,37,38,39,40,41,42,43,44,45,46,47
34,35,36,37,38,39,40,41,42,43,44,45,46,47,48
51,52,53,54,55,56,57,58,59,60,61,62,63,64,65
31,32,33,34,35,36,37,38,39,40,41,42,43,44,45
33,34,35,36,37,38,39,40,41,42,43,44,45,46,47
46,47,48,49,50,51,52,53,54,55,56,57,58,59,60
,,,,,,,,30,31,32,33,34,35,36
40,41,42,43,44,45,46,47,48,49,50,51,52,53,54
56,57,58,59,60,61,62,63,64,65,,,,,
31,32,33,34,35,36,37,38,39,40,41,42,43,44,45
,,,,,,,,,,30,31,32,33,34
30,31,32,33,34,35,36,37,38,39,40,41,42,43,44
,,,,30,31,32,33,34,35,36,37,38,39,40
,,,,,,,30,31,32,33,34,35,36,37
,,,,,,,,,30,31,32,33,34,35
37,38,39,40,41,42,,,,,,,,,
44,45,46,47,48,49,50,51,52,53,54,55,56,57,58
54,55,56,57,58,59,60,61,62,63,64,65,,,
39,40,41,42,43,44,45,46,47,48,49,50,51,52,53
35,36,37,38,39,40,41,42,43,44,45,46,47,48,49
30,31,32,33,34,35,36,,,,,,,,
56,,,,,,,,,,,,,,
,,,,,,30,31,32,33,34,35,36,,
,,,,,,40,41,42,43,44,45,46,47,48
49,50,51,52,53,54,55,56,57,58,59,,,,
31,32,33,34,,,,,,,,,,,
,,,30,,,,,,,,,,,
37,38,39,40,41,42,43,44,45,46,47,48,49,50,51
,50,51,52,53,54,55,56,57,58,59,60,61,62,63
,,,,,,,,,,,30,31,32,33
52,53,54,55,56,57,58,59,60,61,62,63,64,65,
,,,30,31,32,33,34,35,36,37,38,39,40,41
31,32,33,34,35,36,37,38,,,,,,,
,,,,30,31,32,33,34,35,36,37,38,39,40
53,54,55,56,57,58,59,60,61,62,63,64,65,,
30,31,32,33,34,35,36,37,38,39,40,41,42,43,44
,,,,,,,,30,31,32,33,34,35,36
,,,,,,30,31,32,33,34,35,36,37,38
,,,,,,,,,30,31,,,,
42,43,,,,,,,,,,,,,
,30,31,32,33,34,35,36,37,38,39,40,41,42,43
31,32,33,34,35,36,37,38,39,40,41,42,43,44,45
,30,31,32,33,34,35,36,37,38,39,40,41,42,43
38,39,40,41,42,43,44,45,46,47,48,49,50,51,52
,,,,,,,,30,31,32,33,34,35,36
50,51,52,53,54,55,56,57,58,59,60,61,62,63,64
,,,,,,,,,,30,31,32,33,34
,,,,,,30,31,32,33,34,35,36,37,38
,30,,,,,,,,,,,,,
30,31,32,33,34,35,36,37,38,39,40,41,42,43,44
57,58,59,60,61,62,63,64,65,,,,,,
,,,30,31,32,33,34,35,36,37,38,39,40,
,,,,,,,,,30,31,32,33,34,35
,,,,30,31,32,33,34,35,36,37,38,39,40
,,,,,,,,30,31,32,33,34,35,36
30,31,32,33,34,35,36,37,38,,,,,,
,,,,,,,31,32,33,34,35,36,37,38
,,,,,,,,,,,39,40,41,42
52,53,54,55,56,57,58,59,60,61,62,63,64,65,
,,,,,30,31,32,33,34,35,36,37,38,39
48,49,50,51,52,53,54,55,56,57,58,59,,,
,30,31,32,33,34,35,36,37,38,39,40,41,42,43
,,,,,,,30,31,32,33,,,,
32,33,34,35,36,37,38,39,40,41,42,43,44,45,46
46,47,48,49,50,51,52,53,54,55,56,57,58,59,60
,,,,,,37,38,39,40,,,,,
51,52,53,54,55,56,57,58,59,60,61,62,63,64,65
,,,,,,,,30,31,32,33,34,35,36
,,,30,31,32,33,34,35,36,37,38,39,40,41
32,33,,,,,,,,,,,,,
39,40,41,42,43,44,,,,,,,,,
31,32,33,34,35,36,37,38,39,40,41,42,43,44,45
41,42,43,44,45,46,47,48,49,50,51,52,53,54,55
,,,,,,,,,,,,33,34,35
,,,,,39,40,41,42,43,44,45,46,47,
39,40,41,42,43,44,45,46,47,48,49,50,51,52,53
,,,,,,,,,,,30,31,32,33
45,46,47,48,49,50,51,52,53,54,55,56,57,58,59
,,,,,,,,,,30,31,32,33,
,,,,,,,,30,31,32,33,34,,
31,32,33,34,35,36,37,38,39,40,41,42,43,44,45
,,,,,,30,31,32,33,34,35,36,37,38
,,30,31,,,,,,,,,,,
,30,31,32,33,34,35,36,37,38,39,40,41,42,43
58,59,60,61,,,,,,,,,,,
32,33,34,35,36,37,38,39,40,41,42,43,44,45,46
42,43,44,,,,,,,,,,,,
35,36,37,38,39,40,41,42,43,44,45,46,47,48,49
55,56,57,58,59,60,61,62,63,64,65,,,,
53,54,55,56,57,58,59,60,61,62,63,64,65,,
,30,31,32,33,34,35,36,37,,,,,,
30,31,,,,,,,,,,,,,
34,35,36,37,38,39,40,41,42,43,44,45,46,47,48
,,,,30,31,32,33,34,35,36,37,38,39,40
,,,,,30,31,32,33,34,35,36,37,38,39
,,30,31,32,33,34,35,36,37,38,39,40,41,42
,,,,,,,,,,,30,31,32,33
,,,35,36,37,38,39,40,41,42,,,,
49,50,51,52,53,54,55,56,57,58,59,60,61,62,63
,,,,30,31,32,33,34,35,36,37,38,39,40
36,37,38,39,40,41,42,43,44,45,46,47,,,
40,41,42,43,44,45,46,47,48,,,,,,
36,37,38,39,40,41,42,43,44,45,46,47,48,49,50
,30,31,32,33,,,,,,,,,,
,,,,,,,,,55,56,57,58,59,60
49,50,51,52,53,54,55,56,57,58,59,60,61,62,63
55,56,57,58,59,60,61,62,63,64,65,,,,
,,,,,30,31,32,33,34,35,36,37,38,
,,,,,,30,31,32,33,34,35,36,37,
56,57,58,59,60,61,62,63,64,65,,,,,
39,40,41,,,,,,,,,,,,
41,42,43,44,45,46,,,,,,,,,
51,52,53,54,55,56,57,58,59,60,61,62,63,64,65
51,52,53,54,55,,,,,,,,,,
,30,31,32,33,34,35,36,37,38,39,40,41,42,43
,,,,,30,31,32,33,34,35,36,37,38,39
52,53,54,55,56,57,58,59,60,61,62,63,64,65,
,,,30,31,32,33,34,35,36,37,38,39,,
44,45,46,47,48,49,50,51,52,53,54,55,56,57,58
,,30,31,32,33,34,35,36,37,38,39,40,41,
,,,,30,31,32,33,34,35,36,37,38,39,40
30,31,,,,,,,,,,,,,
,,,,,,,,,,30,31,32,33,
48,49,50,51,52,53,54,55,56,57,58,59,60,61,62
,,,,,,,30,31,,,,,,
,,,,,,,49,50,51,52,53,54,55,56
,,,,,,,30,31,32,33,34,35,36,37
,,,,,,,,30,31,32,33,34,35,36
54,55,56,57,58,,,,,,,,,,
,,,,30,31,32,33,34,35,36,37,38,39,40
,,,,,30,31,32,33,34,35,36,37,38,39
,,,,,,,30,31,32,33,34,35,36,37
31,,,,,,,,,,,,,,
48,49,50,51,52,53,54,55,56,57,58,59,60,61,62
,30,31,32,33,34,35,,,,,,,,
54,55,56,57,58,59,60,61,62,63,64,65,,,
40,,,,,,,,,,,,,,
39,40,41,42,43,44,45,46,47,48,49,50,,,
48,49,50,51,52,53,54,55,56,57,58,59,60,61,62
,,,,,,30,31,32,33,34,35,36,37,38
58,59,60,61,62,63,64,65,,,,,,,
30,31,32,33,34,35,36,37,38,39,40,41,42,43,44
,,30,31,32,33,34,35,36,37,38,39,40,41,42
57,58,59,60,61,62,63,64,,,,,,,
38,39,40,41,,,,,,,,,,,
34,35,36,37,38,39,40,41,42,43,44,45,46,47,48
50,51,52,53,54,55,56,57,58,59,60,61,62,63,64
48,49,50,51,52,53,54,55,56,57,58,59,60,61,62
55,56,57,58,59,60,61,62,63,64,65,,,,
,30,31,32,33,34,35,36,37,38,39,40,41,42,43
,,,,30,31,32,33,34,35,36,37,38,39,40
56,57,58,59,60,61,62,63,64,65,,,,,
,,,,,30,31,32,33,34,35,36,37,38,39
42,43,44,45,46,47,48,49,50,51,52,53,54,55,56
,,,,,,,,30,31,32,33,34,35,36
48,49,50,51,52,53,54,55,56,57,58,59,60,61,62
,,,,,,,,30,31,32,33,34,35,36
,,,,,,,,,30,31,32,33,34,35
45,46,47,48,49,50,51,52,53,54,55,56,57,58,59
,,,,,,30,31,32,33,34,35,36,37,38
31,32,33,,,,,,,,,,,,
,,30,31,32,33,34,35,36,37,38,39,40,41,42
,30,31,32,33,34,35,36,37,38,39,40,41,42,43
34,35,36,37,,,,,,,,,,,
34,35,36,37,,,,,,,,,,,
47,48,,,,,,,,,,,,,
43,44,45,46,47,48,49,50,51,52,53,54,55,56,57
,,,,,37,38,39,40,41,42,43,44,45,46
,30,31,32,33,34,35,36,37,38,39,,,,
,,,,,,,,30,31,32,33,34,35,
37,38,39,40,41,,,,,,,,,,
47,48,49,50,51,52,53,54,,,,,,,
,,,,32,33,,,,,,,,,
,,,,,,,,37,38,39,40,41,42,43
,,,,,,,43,44,45,46,47,48,49,50
,,,,,,40,41,,,,,,,
54,55,56,57,58,59,60,61,62,63,64,65,,,
,,,,,30,31,32,33,34,35,36,37,38,39
50,51,52,53,,,,,,,,,,,
,30,31,32,33,34,35,36,37,38,39,40,41,42,43
,,,,,,,,,,,,,32,33
32,33,34,,,,,,,,,,,,
,,,,,,43,44,45,46,47,48,49,50,51
,,,,,,,,,,41,42,43,44,
,,,,,,,,,,30,31,32,33,34
,,,,,,,,,,,30,31,32,33
50,51,52,53,54,55,56,57,58,59,60,61,62,63,64
,,,,30,31,32,33,34,35,36,37,38,39,40
32,33,34,35,36,37,38,39,40,41,42,43,44,45,46
,,,,,,,,,,30,31,32,33,34
,,,,,,,,,,,,32,33,34
46,47,48,49,50,51,52,53,54,55,56,57,58,59,60
38,39,40,41,42,43,,,,,,,,,
31,32,33,34,35,36,37,38,39,40,41,42,43,44,45
33,34,35,36,,,,,,,,,,,
42,43,44,45,46,47,48,49,50,51,52,53,54,55,56
55,56,57,58,59,60,61,62,63,64,65,,,,
33,34,35,36,37,38,39,40,41,42,43,44,45,46,47
