31,,,,,,,,,,,,,,
56,57,58,59,60,61,62,63,64,65,,,,,
,,,,30,31,32,33,34,35,36,37,38,39,40
34,35,36,37,38,39,40,41,42,43,44,45,46,47,48
,,,,,,,,,,41,42,43,44,45
34,35,36,37,38,39,40,41,42,43,44,45,46,47,48
,,,,,,,,,,30,31,32,33,34
49,50,51,52,53,54,55,56,57,58,59,60,61,62,63
30,31,32,33,34,35,36,37,38,39,40,41,42,43,44
,,,,,,,,,34,35,36,37,38,39
,,,,,,,,,,30,31,32,33,34
,,,,,,,,,,,30,31,32,33
58,59,60,61,62,,,,,,,,,,
,,,,,,,,,30,31,32,33,34,35
,,,,,30,31,32,33,34,35,36,37,38,39
50,51,52,53,54,55,56,57,58,59,60,61,62,63,64
,,,,50,51,,,,,,,,,
,,,,,,,,30,31,32,33,34,35,36
43,44,45,46,47,48,49,50,51,52,53,54,55,56,57
36,37,38,39,40,41,42,43,44,45,46,47,48,49,50
43,44,45,46,47,48,49,50,51,52,53,54,55,56,57
,,,,,,,,,,30,31,32,33,34
,,,,,,,,,,,30,31,32,33
45,46,47,48,49,50,51,52,53,54,55,56,57,58,59
52,53,,,,,,,,,,,,,
49,50,51,52,,,,,,,,,,,
47,48,49,50,51,52,53,54,55,56,57,58,59,60,61
,,,,,,,,,30,31,32,33,34,35
,,,30,31,32,33,34,35,36,37,38,39,40,41
,,,49,50,51,52,53,54,55,56,,,,
52,53,54,55,56,57,58,59,60,61,62,63,64,65,
50,51,52,53,54,55,56,57,58,59,60,61,62,63,64
,,,,30,31,32,33,34,35,36,37,38,39,40
,30,,,,,,,,,,,,,
,,,,,,,,,30,31,32,33,34,35
,,,,,,,,,,,30,31,32,33
49,50,51,52,53,54,55,56,57,58,59,60,61,62,63
,,30,31,32,33,,,,,,,,,
,,,,,,,,,30,31,32,33,34,35
30,31,32,33,34,35,36,37,38,39,40,41,42,43,44
,,,,,30,31,32,33,34,35,36,37,38,39
,,,,,,,,,,,33,34,35,
48,49,50,51,52,53,54,55,56,57,58,59,60,61,62
,,,,,,,,,,,30,31,32,33
42,43,44,45,46,47,48,49,50,51,52,53,54,55,56
35,36,37,38,39,40,41,42,43,44,45,46,47,48,49
44,45,,,,,,,,,,,,,
56,57,58,59,,,,,,,,,,,
32,33,,,,,,,,,,,,,
,,,,,30,31,32,33,34,35,36,37,38,39
,,,,,,,,,30,31,32,33,34,35
,,,,,,,,,30,31,32,33,34,35
42,43,44,45,46,,,,,,,,,,
,,,,,,38,39,40,41,42,43,44,45,46
,,,,,,,,,30,31,32,33,34,35
,,,,,,,,,,,30,31,32,33
45,46,47,48,49,50,51,,,,,,,,
48,49,50,51,52,53,54,55,56,57,58,59,60,61,62
51,,,,,,,,,,,,,,
30,31,32,33,34,35,36,37,38,39,40,41,42,43,44
57,58,59,60,61,62,63,64,65,,,,,,
35,36,37,38,39,40,41,42,43,44,45,46,47,48,49
,,,,,,,,,30,31,32,33,,
30,31,32,33,34,35,36,37,38,39,40,41,42,43,44
37,38,39,40,41,42,43,44,45,46,47,48,49,50,
30,31,32,33,34,35,36,37,38,39,40,41,42,43,44
,,,,,,,,,,,30,31,32,
,,,,,,30,,,,,,,,
50,51,52,53,54,55,56,57,58,59,60,61,62,63,64
33,,,,,,,,,,,,,,
,,,,,,,,30,31,32,33,34,35,36
33,34,35,,,,,,,,,,,,
,,,,,,,,,,30,,32,33,34
,,,34,35,36,37,38,39,40,41,42,43,44,45
53,54,55,56,57,58,59,60,61,62,63,64,65,,
32,33,34,35,36,37,38,39,40,41,42,43,44,45,46
,,,43,44,45,46,47,48,49,50,,,,
48,49,50,51,52,53,54,55,56,57,58,59,60,61,62
54,55,56,57,58,59,60,61,62,63,64,65,,,
,,,,,,,,,,,,44,45,46
43,44,45,46,47,48,49,50,51,52,53,54,55,56,57
,,,,,30,31,32,33,34,35,36,37,38,39
33,34,35,36,37,38,39,40,41,42,43,44,45,46,47
51,52,53,54,55,56,57,58,59,60,61,62,63,64,65
43,44,45,46,47,48,49,50,51,52,53,54,55,56,57
45,46,47,48,49,50,51,52,53,54,55,56,57,58,59
57,58,59,60,61,62,63,64,65,,,,,,
41,42,43,44,45,46,47,48,49,50,51,52,53,54,55
56,57,58,59,60,61,62,63,64,65,,,,,
,,,,,,,,30,31,32,33,34,35,36
54,55,56,57,58,59,60,61,62,63,64,65,,,
40,41,42,43,44,45,46,47,48,49,50,51,52,53,54
32,33,34,35,36,37,38,39,40,41,42,43,44,45,
57,58,59,60,61,62,63,64,65,,,,,,
48,49,50,51,52,53,54,55,56,57,58,59,60,61,62
,,,,,30,31,32,33,34,35,36,37,38,39
33,34,35,36,37,38,39,40,41,42,43,44,45,46,47
57,58,59,60,61,62,63,64,65,,,,,,
,,,,,,,,,,,30,31,32,33
,,,,,,,30,31,32,33,34,35,36,37
43,44,45,46,47,48,49,50,51,52,53,54,55,56,57
58,59,60,61,62,63,64,65,,,,,,,
34,35,36,37,38,39,40,41,42,43,44,45,46,47,48
34,35,36,37,38,39,40,41,42,43,44,45,46,47,48
40,41,42,43,44,45,46,47,48,49,50,51,52,53,54
44,45,46,47,48,49,50,51,52,53,54,55,56,57,58
30,31,32,33,34,35,36,37,38,39,40,41,42,43,44
52,53,54,55,56,57,58,59,60,61,62,63,64,65,
,,,,,,,,,,,36,37,38,
43,44,45,46,47,48,49,50,51,,,,,,
42,43,44,45,46,47,48,49,50,51,52,53,54,55,56
,,,,,32,33,34,35,36,,,,,
,34,35,36,37,38,39,40,41,42,,,,,
,,,,,,,,42,43,44,,,,
,,,,,,,,,,,38,39,40,
36,37,38,39,40,41,42,43,44,45,46,47,48,49,50
,,,,,,38,39,40,41,42,43,44,45,46
,,,,,,41,42,43,44,45,46,47,48,
51,52,53,54,55,56,57,58,59,60,61,62,63,64,65
44,45,46,47,48,49,50,51,52,53,54,55,56,57,58
30,31,32,33,34,35,36,37,38,39,40,41,42,43,44
58,59,60,61,62,63,64,65,,,,,,,
53,54,55,56,57,58,59,60,,,,,,,
,30,31,32,33,34,35,36,37,38,,,,,
,,,,30,31,32,33,34,35,,,,,
57,58,59,60,61,62,63,64,65,,,,,,
35,36,37,38,39,40,41,42,43,,,,,,
52,53,54,55,56,57,58,59,60,61,62,63,64,65,
,,,,,,,,,30,31,32,33,34,35
35,36,37,38,39,40,41,42,,,,,,,
,,,,,,,30,31,32,,,,,
31,32,33,34,35,36,37,38,39,40,41,42,43,44,45
35,36,37,38,39,40,41,42,43,44,45,46,47,48,
51,52,,,,,,,,,,,,,
,,,30,31,32,33,34,35,36,37,38,39,40,41
,,,,,,,,,,30,31,32,33,34
,,,,,36,37,,,,,,,,
52,53,54,55,56,57,58,59,60,61,62,63,64,65,
58,59,60,61,62,63,64,65,,,,,,,
,,,,,,,,,,,,,40,41
58,59,60,61,62,63,64,65,,,,,,,
,,,,,30,31,,,,,,,,
,30,31,32,33,34,35,36,37,38,39,40,41,42,43
,,,,,30,31,32,33,34,35,36,37,38,39
,,,30,31,32,33,34,35,36,37,38,39,40,41
32,,,,,,,,,,,,,,
,,,,,,46,47,48,49,50,51,52,53,54
52,53,54,55,56,57,58,59,60,61,62,63,64,65,
,,,,,,,,,,51,52,,,
,,,,,,,,,,,35,36,37,38
44,45,46,47,48,49,50,51,52,53,54,,,,
58,59,60,61,62,63,64,65,,,,,,,
,,,,,,,,,30,31,32,33,34,35
53,54,55,56,57,58,59,60,61,62,63,64,65,,
,,,,,,,46,47,48,49,50,51,52,53
54,55,56,57,58,59,60,61,62,63,64,65,,,
,,,,30,31,32,33,34,35,36,37,38,39,40
31,32,33,34,35,36,37,38,39,40,41,42,43,44,45
,,,,,,,,,,,34,35,36,37
,,,,,,,,,,,,,49,50
54,55,56,,,,,,,,,,,,
55,56,57,58,59,60,61,62,63,,,,,,
51,52,53,54,55,56,57,58,59,60,61,62,63,64,65
45,46,47,48,49,50,51,52,53,54,55,56,57,58,59
33,34,35,36,37,38,39,40,41,42,,,,,
,,,,,,,,30,,,,,,
35,36,37,38,39,40,41,42,43,44,45,46,47,48,49
52,53,54,55,56,57,58,59,60,61,62,63,64,65,
,,,,,,,,,,,30,31,32,33
40,41,42,43,44,45,46,47,48,49,50,51,52,53,54
35,36,37,38,39,40,41,42,43,44,45,46,47,48,49
47,48,49,50,51,52,53,54,55,,,,,,
,,,,,,,,,30,31,32,33,34,35
,,,,,,,30,31,32,33,,,,
,,,,,,,,42,43,44,45,46,47,48
34,35,36,37,38,39,40,41,42,43,44,45,46,47,48
32,33,34,35,36,37,38,39,40,41,42,43,44,45,46
43,44,45,46,47,48,49,50,51,52,53,54,55,56,57
,,,,,,,,,,,30,31,32,33
41,42,43,44,45,46,47,48,49,50,51,52,53,54,55
,,,,,,33,34,35,36,37,38,39,40,41
34,35,36,37,38,39,40,41,42,43,44,45,46,47,
,,,,,,,,,,,30,31,32,33
47,48,49,50,51,52,53,54,55,56,57,58,59,60,61
,,,,,,,,,,39,40,41,42,43
,,,,,,,,,,,30,31,32,33
51,52,53,54,55,56,57,58,59,60,61,62,63,64,65
,,,,,,,30,31,32,33,34,35,36,37
51,52,53,54,55,56,57,58,59,60,61,62,63,64,65
,,,,,,,30,31,32,33,34,35,36,37
53,54,55,56,57,58,59,60,61,62,63,64,65,,
,,,30,31,32,33,,,,,,,,
,,30,31,32,33,,,,,,,,,
50,51,52,53,54,55,56,,,,,,,,
,,,,,30,31,,,,,,,,
36,37,38,,,,,,,,,,,,
,,,,,37,38,39,40,41,42,43,44,45,46
39,40,41,42,43,44,45,46,,,,,,,
51,52,53,54,55,56,57,58,59,60,61,62,63,64,65
,,,,,,,,,30,31,32,33,34,35
35,36,37,38,39,40,41,42,43,44,45,46,47,48,49
,,,,,,,,,,54,55,56,57,58
,,,30,31,32,33,34,35,36,37,38,39,40,41
36,37,38,39,40,41,42,43,44,45,46,47,48,49,50
31,32,33,34,35,36,37,38,39,40,41,,,,
44,45,46,47,48,49,50,51,52,53,54,55,56,57,58
,,,,,,,,,30,31,32,33,34,35
41,42,43,44,45,46,47,48,49,50,51,52,53,54,55
38,39,40,41,42,43,44,45,46,47,48,49,50,51,52
58,59,60,61,62,63,64,65,,,,,,,
58,59,60,61,62,63,64,65,,,,,,,
46,47,48,49,50,51,52,53,54,55,56,57,58,59,60
,,,,,,,,,,30,31,32,33,34
,,,,,,30,31,32,33,34,35,36,37,38
,,,,,,,,,,,42,43,,
42,43,44,,,,,,,,,,,,
45,46,47,48,49,50,51,52,53,54,55,56,57,58,59
37,38,39,40,41,42,43,44,45,46,47,48,49,50,51
33,34,35,36,37,38,39,40,41,42,43,44,45,46,47
42,43,44,45,,,,,,,,,,,
,,,41,42,43,44,45,46,47,48,49,50,51,52
30,31,32,33,34,35,36,37,38,39,40,41,42,43,44
,,,,,30,31,32,33,34,35,36,37,38,39
,,42,43,44,45,46,47,48,49,50,51,,,
33,34,35,36,37,38,39,40,41,42,43,44,45,46,47
44,45,46,47,48,49,50,51,,,,,,,
,,,,,,30,31,32,33,34,35,36,37,38
,32,33,34,,,,,,,,,,,
,,,,,,,,,,,30,31,32,33
,,,,,,,,30,31,32,33,34,35,
48,49,50,51,52,53,54,55,56,57,58,59,60,61,62
,,30,31,32,33,34,35,36,37,38,39,40,41,42
34,35,36,37,38,39,40,41,42,43,44,45,46,47,48
50,51,52,53,54,55,56,57,58,59,60,61,62,63,64
,30,31,32,33,34,35,36,37,38,39,40,41,42,43
35,36,37,38,39,40,41,42,43,44,45,46,47,48,49
33,34,35,36,37,38,39,40,41,42,43,44,45,46,
43,44,45,46,47,48,49,50,51,52,53,54,55,56,57
52,53,54,55,56,57,58,59,60,61,62,63,64,65,
56,57,58,59,60,61,62,63,64,65,,,,,
,,,30,31,32,33,34,35,36,37,38,39,40,41
41,42,43,44,45,46,47,48,49,50,51,52,53,54,
,,,,,,,,,,,,,33,34
51,52,53,54,55,56,57,58,59,60,61,62,63,64,
53,54,55,56,57,58,59,60,61,62,63,64,65,,
,,,,,,31,32,33,34,35,36,37,38,39
,30,31,32,33,34,35,,,,,,,,
56,57,58,59,60,61,62,63,64,65,,,,,
,,,,,,,,,,34,35,36,37,38
,30,31,32,33,34,35,36,37,38,39,40,41,42,43
33,34,35,36,37,38,39,40,41,42,43,44,45,46,47
45,46,47,,,,,,,,,,,,
,,,32,33,34,35,36,37,38,39,40,41,42,43
45,46,47,48,49,50,51,52,53,54,55,,,,
55,56,57,58,59,60,61,62,63,64,65,,,,
37,38,39,40,,,,,,,,,,,
,,,,35,36,37,38,39,40,41,42,43,44,45
,,,,,,,,30,31,32,33,34,35,36
40,41,42,43,44,45,46,47,48,49,50,51,,,
58,59,60,61,62,63,64,65,,,,,,,
31,32,33,34,35,36,37,38,39,,,,,,
46,47,48,49,50,51,52,53,54,55,56,57,58,59,60
36,37,38,39,40,41,42,43,44,45,46,47,48,49,50
,,,,,,,,,,,,33,34,35
,,,,,,,,34,35,36,37,38,39,40
55,56,57,58,59,60,61,62,63,,,,,,
,,,,,63,64,65,,,,,,,
,,,,,,,,,,30,31,,,
,,30,,,,,,,,,,,,
,,,,38,39,40,41,42,43,,,,,
,,,,,,,,,,,32,33,34,
,,,30,31,32,33,34,35,36,37,,,,
31,32,33,34,35,,,,,,,,,,
,,,,,,,,,47,48,49,50,51,52
42,43,44,45,,,,,,,,,,,
54,55,56,57,58,59,60,61,62,63,64,65,,,
,,,,,30,31,32,33,34,35,36,37,38,39
,,,,30,31,32,33,34,35,36,37,38,39,40
,,,,,30,31,32,,,,,,,
38,39,40,41,42,43,44,45,46,47,48,49,50,51,52
39,40,41,42,43,,,,,,,,,,
44,45,46,47,48,49,50,51,52,53,54,55,56,57,58
45,46,47,48,49,50,51,52,53,54,55,56,57,58,59
,,,,,,,,,30,31,32,33,34,35
,,,,,40,41,42,43,44,45,46,,,
46,47,48,49,50,51,52,53,54,55,56,57,58,59,60
55,56,57,58,59,60,61,62,63,64,65,,,,
,,,,,,30,31,32,33,34,35,36,,
42,43,44,45,46,47,48,49,50,51,52,53,54,55,56
32,33,34,35,36,37,38,39,40,41,42,43,44,45,46
,,,31,32,33,34,35,36,37,38,39,40,41,42
,,,,,30,31,32,33,34,35,36,37,38,
45,46,47,48,49,50,51,52,53,54,,,,,
37,38,39,40,41,42,43,44,45,46,47,48,49,50,51
,,,,,,,,,31,32,33,34,35,36
,,,30,31,32,,,,,,,,,
,,,,30,31,32,33,34,35,36,37,38,39,40
,,,,,,,,,44,45,46,47,48,49
30,31,32,,,,,,,,,,,,
49,50,51,52,53,54,55,56,57,58,59,60,61,62,63
,,,,,30,31,32,33,34,35,36,37,38,39
32,33,34,35,36,37,38,39,40,41,42,43,44,45,46
,30,,,,,,,,,,,,,
,30,31,32,33,34,35,36,37,,,,,,
50,51,52,53,54,55,56,57,58,59,60,61,62,63,64
51,52,53,54,55,56,57,58,59,60,61,62,63,64,65
,,,,,,,,,30,31,32,33,34,35
46,47,48,49,50,51,52,53,54,55,56,57,58,59,60
,,,,,,,30,31,32,33,34,35,36,
49,50,51,52,53,54,55,56,57,58,59,60,61,62,63
,,,,,30,31,32,33,34,35,36,37,38,39
32,33,34,35,36,37,38,39,40,41,42,43,44,45,46
52,53,54,55,56,57,58,59,60,61,62,63,,,
,,,,,,,,,30,31,32,,,
54,55,56,57,58,59,60,61,62,63,64,65,,,
33,34,35,,,,,,,,,,,,
31,32,33,34,35,36,37,38,39,40,41,42,43,44,45
57,58,59,60,61,62,63,64,65,,,,,,
44,45,46,47,48,49,50,51,52,53,54,55,56,57,58
,,,,,,30,31,32,33,34,35,36,37,38
,,,,,,,,30,31,32,33,34,35,36
,,,,,,,,,30,31,32,33,34,35
49,50,51,52,53,54,55,56,57,58,59,60,61,62,63
52,53,54,55,56,57,58,59,60,61,62,63,64,65,
50,51,52,53,54,55,56,57,58,59,60,61,62,63,64
46,47,48,49,50,51,52,53,54,55,56,57,58,59,60
,,,,,30,31,32,33,34,,,,,
38,39,40,41,42,43,44,45,46,47,48,49,50,51,52
52,53,54,55,56,,,,,,,,,,
45,46,47,48,49,50,51,52,53,54,55,56,57,58,59
30,31,32,33,34,35,36,37,38,39,40,41,42,43,44
53,54,55,56,57,58,59,60,61,62,63,64,65,,
53,,,,,,,,,,,,,,
32,33,34,35,36,37,38,39,40,41,42,43,44,45,46
49,50,51,52,53,54,55,56,57,58,59,60,61,62,63
56,57,58,59,60,61,62,63,64,65,,,,,
58,59,60,,,,,,,,,,,,
42,43,44,45,46,47,48,49,50,51,52,53,54,55,56
56,57,58,59,60,61,62,63,64,65,,,,,
49,50,51,52,,,,,,,,,,,
,,,,,,,,,32,33,34,35,36,37
,,,,,,,,,30,31,32,33,,
49,50,51,52,53,54,55,56,57,58,59,60,61,62,63
48,49,50,51,52,,,,,,,,,,
,,39,40,41,42,43,44,45,46,47,48,49,50,51
48,49,50,51,52,53,54,55,56,57,58,59,60,61,62
,,,,,,,,,31,32,33,34,35,36
,,,,30,31,32,33,34,35,36,37,38,39,40
50,51,52,53,54,55,56,57,58,59,60,61,62,63,64
,,,,,,,30,31,32,33,34,35,36,37
,,,,,,,,,30,31,32,33,34,35
,,,,,,,,,,,30,31,32,33
,,,,30,31,32,33,34,35,36,37,,,
54,55,56,57,58,59,60,61,62,63,64,65,,,
,,,,30,31,32,33,34,35,36,37,38,39,40
43,44,45,46,47,48,49,50,51,52,53,54,55,56,57
41,42,43,44,45,46,47,48,49,50,51,52,53,54,55
38,39,40,41,42,43,44,45,46,47,48,49,50,51,52
,,,,,,,,,,,,,36,37
56,57,58,59,60,61,62,63,64,65,,,,,
,,,,,,,30,31,32,33,34,35,36,37
52,53,54,55,56,,,,,,,,,,
,30,31,32,33,34,35,36,37,38,39,40,41,42,43
,30,31,,,,,,,,,,,,
,,,,,,33,34,35,36,37,38,39,40,41
,,,,,,30,31,32,33,34,35,36,37,38
,,,,,,,,,,,,34,35,36
53,54,55,56,57,58,59,60,61,62,63,64,65,,
34,,,,,,,,,,,,,,
,,,30,31,32,33,34,35,36,,,,,
,,,,,,,,,,,,41,42,43
38,39,40,41,42,43,44,45,46,47,48,49,50,51,52
39,40,41,42,43,,,,,,,,,,
42,43,44,45,46,47,48,49,50,51,52,53,54,55,56
56,57,58,59,60,61,62,63,64,65,,,,,
57,58,59,60,61,62,63,64,65,,,,,,
30,31,32,33,34,35,36,37,38,39,40,41,42,43,44
,,,,,,30,31,,,,,,,
,,,,,30,31,,,,,,,,
38,39,40,41,42,43,44,45,,,,,,,
,30,31,32,33,34,35,36,37,38,39,40,41,42,43
53,54,55,56,57,58,59,60,61,62,63,64,65,,
55,56,57,58,59,60,61,62,63,64,65,,,,
58,59,60,61,62,63,64,65,,,,,,,
,,,,,,,30,31,32,33,34,35,36,37
,,,,,,,,,,,30,31,32,33
,,,,47,48,49,50,51,52,53,54,55,56,57
34,35,36,37,38,39,40,41,42,43,44,45,46,47,48
,,,,,,,,,,40,41,42,43,44
31,32,33,,,,,,,,,,,,
34,35,36,37,38,39,40,41,42,43,44,45,46,47,48
56,57,,,,,,,,,,,,,
52,53,54,55,56,57,58,59,60,61,62,63,64,65,
,,,,,,30,31,32,33,34,35,36,37,38
,,,,,,,30,31,32,33,34,35,36,37
30,31,32,33,34,35,36,37,38,39,40,41,42,43,44
,,,,,,30,31,32,33,34,35,36,37,38
51,52,53,54,55,56,57,58,59,60,61,62,63,64,65
,,,30,31,32,33,34,35,36,37,38,39,40,41
,,,,,,,,30,31,32,33,34,35,36
,52,53,54,55,56,57,58,59,60,61,62,63,64,65
50,51,52,53,54,55,56,57,58,59,60,61,62,63,64
44,45,46,47,48,49,50,51,52,53,54,55,56,57,58
,,,,,,,,,,30,31,32,33,
,,,,,,,,47,48,49,50,51,52,53
,,,,,,,,,,,43,44,45,
,,,,,,30,31,32,33,34,35,36,37,38
56,57,58,59,60,61,62,63,64,65,,,,,
,,,,48,49,50,,,,,,,,
48,49,50,51,52,53,54,55,56,57,58,59,60,61,62
,,,,,,,30,31,32,33,34,35,36,37
50,51,52,53,54,55,56,57,58,59,60,61,62,63,64
,,,,,30,31,32,33,34,35,36,37,38,39
33,34,35,36,37,38,39,40,41,42,43,44,45,46,47
41,42,43,44,45,46,47,48,49,50,51,52,53,54,55
,,,,,,,,,30,31,32,33,34,35
,,,,,,,,,,,37,38,39,40
,,,30,31,32,33,34,35,36,37,38,39,40,
,,,30,31,32,33,34,35,36,37,,,,
47,48,49,50,51,52,53,54,55,56,57,58,59,60,61
35,36,37,38,39,40,41,42,43,44,45,46,47,48,49
,,,30,31,32,33,34,35,36,37,38,39,40,41
35,36,37,38,39,40,,,,,,,,,
31,32,33,34,35,36,37,38,39,40,41,42,43,44,45
,,,,,,,,,,,35,36,37,38
40,41,42,43,44,45,46,47,48,49,50,51,52,53,54
46,47,48,49,50,51,52,53,54,55,56,57,58,59,60
47,48,49,50,51,52,53,54,55,56,57,58,59,60,61
56,57,58,59,60,61,62,63,64,65,,,,,
47,48,49,50,51,52,53,54,55,56,57,58,59,60,61
,,,,,,,,,30,31,32,33,34,35
55,56,57,58,59,60,61,,,,,,,,
,30,31,32,33,34,35,36,37,38,39,40,41,42,43
37,38,39,40,41,42,43,44,45,46,47,48,49,50,51
39,40,41,42,43,44,,,,,,,,,
30,31,32,33,34,35,36,37,38,39,40,41,42,43,44
51,52,53,54,55,56,57,58,59,60,61,62,63,64,65
30,31,32,33,34,35,36,37,38,39,40,41,42,43,44
,,30,31,32,33,34,35,36,37,38,39,40,41,42
40,41,42,43,44,45,46,47,48,49,50,51,52,53,54
,,,,,,,30,,,,,,,
,,,,30,31,32,33,34,35,36,37,38,39,40
31,32,,,,,,,,,,,,,
,,,,,,,43,44,45,46,47,48,49,50
,,,,,,,,,,30,31,32,33,34
48,49,50,51,52,53,54,55,56,57,58,59,60,61,62
,,30,31,32,33,34,35,36,37,38,39,40,41,
37,38,39,40,41,42,43,44,45,46,47,48,49,50,51
,,,,,,,,,41,42,43,44,45,
34,,,,,,,,,,,,,,
32,33,34,35,36,37,38,39,40,41,42,43,44,45,46
,,,,,,,,,,,47,48,49,50
,,,,,,,30,31,32,33,34,35,36,37
,,,,,,,,30,31,32,33,34,35,36
35,36,37,38,,,,,,,,,,,
39,40,41,42,43,44,45,46,47,48,49,50,51,52,53
,,,,,,,30,31,32,33,34,35,36,37
39,40,41,42,43,44,45,46,47,48,49,50,51,52,53
54,55,56,57,58,59,60,61,62,63,64,65,,,
31,32,33,34,35,36,37,,,,,,,,
54,55,56,57,58,59,60,,,,,,,,
30,31,32,33,34,35,36,37,38,39,40,41,42,,
,,,44,45,46,47,48,49,50,51,52,53,,
,,,,,,,30,31,32,33,34,35,36,37
40,41,42,43,44,45,46,47,48,49,50,51,52,53,54
,,,,,,,,,,,30,31,32,33
49,50,51,52,53,54,55,56,57,,,,,,
38,39,40,41,42,43,44,45,46,47,48,49,50,51,52
,,,,,,,30,31,32,33,34,35,36,37
,,,,,,30,31,32,33,34,35,36,37,38
,,,,,,,,,,,32,33,34,35
54,55,56,57,58,59,60,61,62,63,64,65,,,
,,,,,30,31,32,33,34,35,36,37,38,39
37,38,39,40,41,42,43,44,45,46,47,48,49,50,51
48,49,50,51,52,53,54,55,56,57,58,59,60,61,62
37,38,39,40,41,42,43,44,45,46,47,48,49,50,51
30,31,32,33,34,35,36,37,38,39,40,41,42,43,44
,,,,,,,30,31,32,33,34,35,36,37
,,,,,,,,41,42,43,44,45,46,47
49,50,51,52,53,54,55,56,57,58,59,60,61,62,63
,,,,,38,39,,,,,,,,
43,44,45,46,47,48,49,50,51,52,53,54,55,56,57
,,,30,31,32,33,34,35,36,37,38,39,40,41
30,31,32,33,34,,,,,,,,,,
46,47,48,49,50,51,52,53,54,55,56,57,58,59,60
33,34,35,36,37,38,39,40,41,42,43,44,45,,
,,,,,,,,,,,34,35,36,37
57,58,59,60,61,62,63,64,65,,,,,,
,,,,,,,30,31,32,33,34,35,36,37
,,,,,30,,,,,,,,,
51,52,53,54,55,56,57,58,59,60,61,62,63,64,65
,,30,31,32,33,34,35,,,,,,,
,,,,30,31,32,33,34,35,36,37,38,39,40
,,,,,,,30,31,32,33,34,35,36,37
33,34,35,36,37,38,39,40,41,42,43,44,45,46,47
50,51,52,53,54,55,56,57,,,,,,,
57,58,59,60,,,,,,,,,,,
,,,,,,,,35,36,37,38,39,40,41
41,42,43,44,45,46,47,48,49,50,51,52,53,54,55
37,38,39,40,41,,,,,,,,,,
,,,,,,31,32,33,34,,,,,
,,,,,38,39,,,,,,,,
51,52,53,54,55,56,57,58,59,60,61,62,,,
48,49,50,51,52,53,54,55,56,57,58,59,60,61,62
42,43,44,45,46,47,48,49,50,51,52,53,54,55,56
,,,,30,31,32,33,34,35,36,37,38,39,40
,,,,,,,,,,,,,46,47
54,55,,,,,,,,,,,,,
58,59,60,61,62,63,64,65,,,,,,,
,,30,31,32,33,34,35,36,37,38,39,40,41,42
,,,,30,31,32,33,34,35,36,37,38,39,40
,,,,,,,,,,30,31,32,33,34
55,56,57,58,59,60,61,62,63,64,65,,,,
,,,,,,30,31,32,33,34,35,36,37,
,,,,,,,,38,39,40,41,42,43,44
54,55,56,57,58,59,60,61,62,63,64,65,,,
46,47,48,49,50,51,52,53,54,55,56,57,58,59,60
44,45,46,47,48,49,50,51,52,53,54,55,56,57,58
56,57,58,59,60,61,62,,,,,,,,
42,43,44,45,46,47,48,49,50,51,52,53,54,55,56
43,44,45,46,47,48,49,50,51,52,53,54,55,56,57
,,,,,,,,,,,,32,33,34
,,,,,,,,,,,30,31,32,33
54,55,56,57,58,59,60,61,62,63,64,65,,,
,,,,,,,,,,,30,31,32,33
,,,,30,31,32,33,34,35,36,37,38,39,40
,,,,,,,,30,31,32,33,34,35,36
48,49,50,51,52,53,54,55,56,57,58,59,60,61,62
,,,,,,30,31,32,33,34,35,36,37,38
51,52,53,54,55,56,57,58,59,60,61,62,63,64,65
31,32,33,34,35,36,37,38,39,40,41,42,43,44,45
47,48,49,50,51,52,53,54,55,56,57,58,59,60,61
56,57,58,59,60,61,62,63,64,65,,,,,
54,55,56,57,58,59,60,61,,,,,,,
39,40,41,42,43,44,45,46,47,48,49,50,51,52,53
,,,39,40,41,42,43,44,45,46,47,48,49,
37,38,39,40,41,42,43,44,45,46,47,48,49,50,51
,,,,,,,,,,,,43,44,45
,,,,,,,30,31,32,33,,,,
57,58,59,60,61,62,63,64,65,,,,,,
41,42,43,44,45,46,47,48,49,50,51,52,53,54,55
,,,,,,37,38,39,40,41,42,43,44,45
,,,,,,,31,32,33,,,,,
48,49,50,51,52,53,54,55,56,57,58,59,60,61,62
56,57,58,59,60,61,62,63,64,65,,,,,
,,,,,,,,,30,,,,,
42,43,44,45,46,47,48,49,50,51,52,53,54,55,56
47,48,49,50,51,52,53,54,55,56,57,58,,,
,,,,,,,,54,55,56,57,,,
46,47,48,49,50,51,52,53,54,55,56,57,58,59,60
,,30,31,32,33,34,35,36,37,38,39,40,,
,30,31,32,33,34,35,36,37,38,39,40,41,42,43
30,31,32,33,34,35,36,37,38,,,,,,
,,,30,31,32,33,34,35,36,37,38,39,40,41
,,,,,,30,31,32,33,34,35,36,37,
,,,,,,,33,34,35,36,37,38,39,40
,,,,,,,,,,36,37,38,39,40
45,46,47,,,,,,,,,,,,
,53,54,55,56,57,58,59,60,61,62,63,64,65,
44,45,46,47,48,49,50,51,52,53,54,55,,,
,,,,,,,,30,31,,,,,
55,56,57,58,59,60,61,62,63,64,65,,,,
48,49,50,51,52,53,54,55,56,57,58,59,60,61,62
47,48,49,50,51,52,53,54,55,56,57,58,59,60,61
,,,,,,,50,51,52,53,,,,
,,,,,,,,,,,30,31,32,
34,35,36,37,38,39,40,41,42,43,44,45,46,47,48
43,44,45,46,47,48,49,50,51,52,53,54,55,56,57
33,34,,,,,,,,,,,,,
33,34,35,36,37,38,39,40,41,42,43,44,45,46,47
40,41,42,43,44,45,46,47,48,49,50,51,52,53,54
40,41,42,43,44,45,46,47,48,49,50,51,52,53,54
44,45,46,47,48,49,50,51,52,53,54,55,56,57,58
39,40,,,,,,,,,,,,,
32,33,34,35,,,,,,,,,,,
33,34,35,36,37,38,39,40,41,42,43,44,45,46,47
45,46,47,48,49,50,51,52,53,54,55,56,57,58,59
,,,,,,,,46,47,48,49,50,51,52
50,51,52,53,54,55,56,57,58,59,60,61,62,63,64
,,,,,,,,30,31,32,33,34,35,36
,,,,,,,,,,30,31,32,33,34
,,30,31,32,,,,,,,,,,
51,52,53,54,55,56,57,58,59,60,61,62,63,64,65
,,30,31,32,33,34,35,36,37,38,39,40,41,42
46,47,48,49,50,51,52,53,54,55,56,57,58,59,60
33,34,35,36,37,38,39,40,41,42,,,,,
54,55,56,57,58,59,60,61,62,63,64,65,,,
58,59,60,61,62,63,64,,,,,,,,
36,37,38,39,40,41,42,43,44,45,46,47,48,49,50
33,34,35,36,37,38,39,40,41,42,43,44,45,46,47
47,48,49,50,51,52,53,54,55,56,57,58,59,60,
40,41,42,43,44,45,46,47,48,49,50,51,52,53,54
31,32,33,34,35,36,37,38,39,40,41,42,43,44,45
41,42,43,44,45,46,47,48,49,50,51,52,53,54,55
49,50,51,52,53,54,55,56,57,58,59,60,61,62,63
37,38,39,40,41,42,43,44,45,46,47,48,49,50,51
50,51,52,53,54,55,56,57,58,59,60,61,,,
,,,,,30,31,32,33,34,35,36,,,
,,,,,,,52,53,54,55,56,57,58,59
46,47,48,49,50,51,,,,,,,,,
40,41,42,43,44,45,46,47,48,49,50,51,52,53,54
47,48,49,50,51,52,,,,,,,,,
55,56,57,58,,,,,,,,,,,
,,,,,,,,,30,31,32,33,34,35
30,31,32,33,34,35,36,37,38,39,40,41,42,43,44
,,,,,,,,,,30,31,32,33,34
,,,,,,,,,,,30,31,32,33
51,52,53,54,55,56,57,58,59,60,61,62,63,64,65
41,42,43,44,45,46,47,48,49,50,51,52,53,54,55
,,,,,,,,,,30,31,32,33,34
,,,30,31,32,33,34,35,36,37,38,39,40,41
54,55,56,57,58,59,60,61,62,63,64,65,,,
,30,31,,,,,,,,,,,,
54,,,,,,,,,,,,,,
45,46,47,48,49,50,51,52,53,54,55,56,57,58,59
31,32,33,34,35,36,37,38,39,40,41,42,43,44,45
,,,,,,,,,,,30,31,32,33
,,,,,,,,,,,,65,,
,,,,,33,34,,,,,,,,
,,,,,,,35,36,37,38,39,40,41,42
58,59,60,61,62,,,,,,,,,,
,,,,,,,,,,,,,43,44
,,,,33,34,35,36,37,38,39,40,41,42,43
,,,,30,31,32,33,34,35,36,37,38,39,40
37,38,,,,,,,,,,,,,
47,48,49,50,51,52,53,54,55,56,57,58,59,60,61
,,,,,,,,,,30,31,32,33,34
57,58,59,60,61,62,63,64,65,,,,,,
,,,,,30,31,32,33,34,35,36,37,38,
35,36,37,38,39,40,41,42,43,44,45,46,47,48,49
,,,,,,31,32,33,34,35,36,37,38,39
51,52,53,54,55,56,57,58,59,60,61,62,63,64,65
,,,,,,,30,31,32,,,,,
52,53,54,55,56,57,58,59,60,61,62,63,64,65,
55,56,57,58,59,60,61,62,63,64,65,,,,
56,57,58,59,60,61,62,63,64,65,,,,,
43,44,45,46,47,48,,,,,,,,,
58,59,60,61,62,63,64,65,,,,,,,
54,55,56,57,58,59,60,61,62,63,64,65,,,
51,52,53,54,55,56,57,58,59,60,61,62,63,64,65
37,38,39,40,41,42,43,44,45,46,47,48,49,,
,,,,,,,,,30,31,32,33,34,35
41,42,43,44,45,46,47,48,49,50,51,52,53,54,55
,,,,30,31,32,33,34,35,36,37,38,39,40
,,,,,,30,31,32,33,34,35,36,37,38
,,,,,,,30,31,32,33,34,35,36,37
53,54,55,56,57,58,59,60,61,62,63,64,65,,
53,54,55,56,57,58,59,60,61,62,63,64,65,,
44,45,46,47,48,49,50,51,52,53,54,55,56,57,58
54,55,56,57,58,,,,,,,,,,
,30,31,32,33,34,35,36,37,38,39,40,41,42,43
31,32,33,34,35,36,37,38,39,40,41,42,43,44,45
,,,,,,,,,30,,,,,
52,53,54,55,56,57,58,59,60,61,62,63,64,65,
31,32,33,34,35,36,37,38,39,40,41,42,43,44,45
31,32,33,34,35,36,37,38,39,40,41,42,43,44,45
,,,,,,,,,30,31,32,33,34,35
50,51,52,53,54,55,56,57,58,59,60,61,62,63,64
54,55,56,57,58,59,,,,,,,,,
,,,30,31,32,33,34,35,36,37,38,39,40,41
30,31,32,33,34,35,36,37,38,39,40,41,42,43,44
,,,,,,,,30,31,32,33,,,
55,56,57,58,59,60,61,62,63,64,65,,,,
,,,,,,,,,45,46,47,48,49,50
56,57,58,59,60,61,62,63,64,,,,,,
,,,,,,,,59,60,61,62,63,64,65
49,50,51,52,53,54,55,56,57,58,59,60,61,62,63
42,43,44,,,,,,,,,,,,
30,31,32,33,34,35,36,37,38,39,40,41,42,43,44
36,37,38,39,40,41,42,43,44,45,46,47,48,49,50
49,50,51,52,,,,,,,,,,,
,,,,,30,31,,,,,,,,
,,,,,,30,31,32,33,34,35,36,37,38
,,,,,,,32,33,34,,,,,
,,,,,,,,30,31,32,33,34,35,36
32,33,34,35,36,37,38,39,40,,,,,,
,,,30,31,32,33,34,35,36,37,38,,,
54,55,56,57,58,59,,,,,,,,,
,,,,,30,,,,,,,,,
,,,34,35,36,37,38,,,,,,,
32,33,34,35,36,37,38,39,40,41,42,43,44,45,46
49,50,51,52,53,54,55,56,57,58,59,60,61,62,63
39,40,41,42,,,,,,,,,,,
,,30,31,32,33,34,35,36,37,38,39,40,41,42
37,38,39,40,41,42,43,44,45,46,47,48,49,50,51
55,56,57,58,59,60,61,62,63,,,,,,
,,,,,,30,31,32,33,34,35,36,37,38
46,47,48,49,50,51,52,53,54,55,56,57,58,59,60
,,,30,31,32,33,34,35,36,37,38,39,40,41
40,41,42,43,44,45,46,47,48,49,50,51,52,53,54
33,34,35,36,37,38,39,,,,,,,,
36,37,38,39,40,41,42,43,44,45,46,47,48,49,50
47,48,49,50,51,52,53,54,55,,,,,,
,,,,,,30,31,32,33,34,35,36,37,38
,,,,,,,30,31,32,33,34,35,36,37
44,45,46,47,48,49,,,,,,,,,
33,34,35,36,37,38,39,40,41,42,43,44,45,,
47,48,49,50,51,52,53,54,55,56,57,58,59,60,61
,,,,,,,,30,31,32,33,34,35,36
,,30,31,32,33,34,35,36,37,38,39,40,41,42
32,33,34,35,36,37,38,39,40,41,42,43,44,45,46
48,49,50,51,52,53,54,55,56,57,58,59,60,61,62
44,45,46,47,48,49,50,51,52,53,54,55,56,57,58
30,31,32,33,34,35,36,37,38,39,40,41,42,43,44
,,,,,,,,,30,31,32,33,34,35
,,,,,,,,,,30,31,32,33,34
,,,,,,,,,30,31,32,33,34,35
36,37,38,39,40,41,42,43,44,45,46,47,48,49,50
,,,,,30,31,32,33,34,35,,,,
,,,,,,30,31,32,33,34,35,36,,
,,,,,,,,,,,,39,40,41
,,,,,,,,46,47,48,49,50,51,52
,,,,,,,,,,30,31,32,33,34
40,41,42,43,44,45,46,47,48,49,50,51,52,53,54
50,51,52,53,54,55,56,57,58,,,,,,
50,51,52,53,54,55,56,57,58,59,60,61,62,63,64
,45,46,47,48,49,,,,,,,,,
35,36,37,38,39,40,41,42,43,44,45,46,47,48,49
47,48,49,50,51,52,53,54,55,56,57,58,59,60,61
57,58,59,60,61,,,,,,,,,,
,,,,,,,,30,31,32,33,34,35,36
54,55,56,57,58,59,60,,,,,,,,
56,57,58,59,60,61,62,63,64,65,,,,,
,,,,,,,30,31,32,33,34,35,36,37
,,,,,,,,,30,31,32,33,34,35
,,,30,31,32,33,34,35,36,,,,,
57,58,59,60,,,,,,,,,,,
30,31,32,33,34,35,36,37,38,39,40,41,42,43,44
55,,,,,,,,,,,,,,
,,30,31,32,33,34,35,36,37,38,39,40,41,42
,,,30,31,32,33,34,35,36,37,38,39,40,41
32,33,34,35,36,37,38,39,40,41,42,43,44,45,46
31,32,33,34,35,36,37,38,39,40,41,42,43,44,45
56,57,58,59,60,61,62,63,64,65,,,,,
,,,30,31,32,33,34,35,36,37,38,39,40,41
36,37,38,39,40,41,42,43,44,45,46,47,48,49,50
54,55,56,57,58,59,60,61,62,63,64,65,,,
,,,,,,,,,,,,36,37,38
44,45,46,47,48,49,50,51,52,53,54,55,56,57,58
,,,,,,,,30,31,32,33,34,35,36
45,46,47,48,49,50,51,52,53,54,55,56,57,58,59
,,,,,,,,,,30,31,32,33,
33,34,35,36,37,38,39,40,41,42,43,44,45,46,47
38,39,40,41,42,43,44,45,46,47,48,49,50,51,52
,,,,,,30,31,32,33,34,35,36,,
,,,,,,,,,,,,,39,40
,,,,,,,,,,30,31,32,33,34
,,49,50,51,52,,,,,,,,,
55,56,57,58,59,60,61,62,63,64,65,,,,
49,50,51,52,53,54,55,56,57,58,59,60,61,62,63
57,58,59,60,61,62,63,64,65,,,,,,
48,49,50,51,52,53,54,55,56,57,58,59,60,61,62
,,30,31,32,,,,,,,,,,
43,44,45,,,,,,,,,,,,
48,49,50,51,52,53,54,55,56,57,58,59,60,,
48,,,,,,,,,,,,,,
,,,,,,,30,31,32,33,34,35,36,37
,,,,30,31,32,33,,,,,,,
52,53,,,,,,,,,,,,,
,,,,,,,30,31,32,33,34,35,36,37
31,32,33,34,35,36,,,,,,,,,
51,52,53,54,55,56,57,58,59,60,61,62,63,64,65
43,44,45,46,47,48,49,50,51,52,53,54,55,56,57
46,47,48,49,50,51,52,53,54,55,56,57,58,59,60
50,51,,,,,,,,,,,,,
,,,,,,,30,31,32,33,34,35,36,37
,30,31,32,33,34,35,36,,,,,,,
,,,,,,30,31,32,33,34,35,36,37,38
,,,30,31,32,33,34,35,36,37,38,39,40,41
,,,,,,,,,30,31,32,33,34,35
,,,,,,,30,31,32,33,34,35,36,37
,,,,,,,,,30,,,,,
,,,,,,,,,,,30,31,32,33
,,,,,,,,,,,,,56,57
57,58,59,60,61,62,63,64,65,,,,,,
,,30,31,32,33,34,35,36,37,38,39,40,41,42
50,51,52,53,54,55,56,57,58,59,60,61,62,63,64
,,,,,,,,,30,31,32,33,34,35
,,,,30,31,32,33,34,35,36,37,38,39,40
38,39,40,41,42,43,44,45,46,47,48,49,50,51,52
,,,,30,31,32,33,34,35,36,37,38,39,40
34,35,36,37,38,39,40,41,42,43,44,45,46,47,48
51,52,53,54,55,56,57,58,59,60,61,62,63,64,65
40,41,42,43,44,45,46,47,48,49,50,51,52,53,54
56,57,58,59,60,61,62,63,64,65,,,,,
,,,,,,,,,,30,31,32,33,34
30,31,32,33,34,35,36,37,38,39,40,41,42,43,44
,,,,,,,30,31,32,33,34,35,36,37
37,38,39,40,41,42,,,,,,,,,
44,45,46,47,48,49,50,51,52,53,54,55,56,57,58
54,55,56,57,58,59,60,61,62,63,64,65,,,
39,40,41,42,43,44,45,46,47,48,49,50,51,52,53
35,36,37,38,39,40,41,42,43,44,45,46,47,48,49
56,,,,,,,,,,,,,,
,,,,,,30,31,32,33,34,35,36,,
,,,,,,40,41,42,43,44,45,46,47,48
49,50,51,52,53,54,55,56,57,58,59,,,,
,,,30,,,,,,,,,,,
,50,51,52,53,54,55,56,57,58,59,60,61,62,63
,,,,,,,,,,,30,31,32,33
52,53,54,55,56,57,58,59,60,61,62,63,64,65,
53,54,55,56,57,58,59,60,61,62,63,64,65,,
30,31,32,33,34,35,36,37,38,39,40,41,42,43,44
,,,,,,,,30,31,32,33,34,35,36
,,,,,,30,31,32,33,34,35,36,37,38
42,43,,,,,,,,,,,,,
,30,31,32,33,34,35,36,37,38,39,40,41,42,43
31,32,33,34,35,36,37,38,39,40,41,42,43,44,45
,,,,,,,,30,31,32,33,34,35,36
50,51,52,53,54,55,56,57,58,59,60,61,62,63,64
,30,,,,,,,,,,,,,
57,58,59,60,61,62,63,64,65,,,,,,
,,,30,31,32,33,34,35,36,37,38,39,40,
,,,,,,,,,30,31,32,33,34,35
,,,,,30,31,32,33,34,35,36,37,38,39
51,52,53,54,55,56,57,58,59,60,61,62,63,64,65
32,33,,,,,,,,,,,,,
39,40,41,42,43,44,,,,,,,,,
,,,,,,,,,,,,33,34,35
,,,,,39,40,41,42,43,44,45,46,47,
39,40,41,42,43,44,45,46,47,48,49,50,51,52,53
45,46,47,48,49,50,51,52,53,54,55,56,57,58,59
,,,,,,,,30,31,32,33,34,,
31,32,33,34,35,36,37,38,39,40,41,42,43,44,45
58,59,60,61,,,,,,,,,,,
42,43,44,,,,,,,,,,,,
53,54,55,56,57,58,59,60,61,62,63,64,65,,
,30,31,32,33,34,35,36,37,,,,,,
,,,,30,31,32,33,34,35,36,37,38,39,40
,,,,,30,31,32,33,34,35,36,37,38,39
,,,,30,31,32,33,34,35,36,37,38,39,40
40,41,42,43,44,45,46,47,48,,,,,,
49,50,51,52,53,54,55,56,57,58,59,60,61,62,63
55,56,57,58,59,60,61,62,63,64,65,,,,
56,57,58,59,60,61,62,63,64,65,,,,,
39,40,41,,,,,,,,,,,,
51,52,53,54,55,,,,,,,,,,
,,,,,30,31,32,33,34,35,36,37,38,39
52,53,54,55,56,57,58,59,60,61,62,63,64,65,
,,,30,31,32,33,34,35,36,37,38,39,,
44,45,46,47,48,49,50,51,52,53,54,55,56,57,58
,,30,31,32,33,34,35,36,37,38,39,40,41,
,,,,30,31,32,33,34,35,36,37,38,39,40
30,31,,,,,,,,,,,,,
,,,,,,,,,,30,31,32,33,
,,,,,,,30,31,32,33,34,35,36,37
,,,,,,,,30,31,32,33,34,35,36
54,55,56,57,58,,,,,,,,,,
,,,,30,31,32,33,34,35,36,37,38,39,40
,,,,,,,30,31,32,33,34,35,36,37
31,,,,,,,,,,,,,,
48,49,50,51,52,53,54,55,56,57,58,59,60,61,62
,30,31,32,33,34,35,,,,,,,,
54,55,56,57,58,59,60,61,62,63,64,65,,,
58,59,60,61,62,63,64,65,,,,,,,
57,58,59,60,61,62,63,64,,,,,,,
34,35,36,37,38,39,40,41,42,43,44,45,46,47,48
50,51,52,53,54,55,56,57,58,59,60,61,62,63,64
48,49,50,51,52,53,54,55,56,57,58,59,60,61,62
55,56,57,58,59,60,61,62,63,64,65,,,,
,,,,30,31,32,33,34,35,36,37,38,39,40
56,57,58,59,60,61,62,63,64,65,,,,,
42,43,44,45,46,47,48,49,50,51,52,53,54,55,56
,,,,,,,,30,31,32,33,34,35,36
48,49,50,51,52,53,54,55,56,57,58,59,60,61,62
,,,,,,,,,30,31,32,33,34,35
31,32,33,,,,,,,,,,,,
34,35,36,37,,,,,,,,,,,
34,35,36,37,,,,,,,,,,,
47,48,,,,,,,,,,,,,
,30,31,32,33,34,35,36,37,38,39,,,,
,,,,,,,,30,31,32,33,34,35,
37,38,39,40,41,,,,,,,,,,
47,48,49,50,51,52,53,54,,,,,,,
54,55,56,57,58,59,60,61,62,63,64,65,,,
50,51,52,53,,,,,,,,,,,
,,,,,,,,,,30,31,32,33,34
38,39,40,41,42,43,,,,,,,,,
31,32,33,34,35,36,37,38,39,40,41,42,43,44,45
33,34,35,36,,,,,,,,,,,
42,43,44,45,46,47,48,49,50,51,52,53,54,55,56
55,56,57,58,59,60,61,62,63,64,65,,,,
33,34,35,36,37,38,39,40,41,42,43,44,45,46,47
