,30,31,32,33,34,35,36,37,38,39,40,41,42,43
,,,,,,,30,31,32,33,34,35,36,37
32,33,34,35,36,37,38,39,40,41,42,43,44,45,46
,,,,,30,31,32,33,34,35,36,37,38,39
30,,,,,,,,,,,,,,
31,32,33,34,35,36,37,38,39,40,41,42,43,44,45
,,,,,,,,37,38,,,,,
31,32,33,34,35,36,37,38,39,40,,,,,
42,43,44,45,46,47,48,49,50,51,52,53,54,55,56
,,,,30,31,32,33,34,35,36,37,38,39,40
,,,,,,,,,,30,31,32,33,34
,,,,,,,,33,34,35,36,37,38,39
40,41,42,43,44,45,46,47,48,49,50,51,52,53,54
33,34,35,36,37,38,39,40,41,42,43,44,,,
30,31,32,33,34,35,36,37,38,39,40,,,,
39,40,41,42,43,44,45,46,47,48,49,50,51,52,53
39,40,41,42,43,44,45,46,47,48,49,50,51,52,53
,,,,,,,,,,,30,31,32,33
41,42,43,44,45,46,47,48,49,,,,,,
,,,,,,,,,30,31,32,33,34,35
32,33,34,35,36,37,38,39,40,41,42,43,44,45,46
50,51,52,53,54,55,56,57,58,59,60,61,62,63,64
,30,,,,,,,,,,,,,
36,37,38,39,40,41,42,43,44,45,46,47,48,49,50
31,32,33,34,35,36,37,38,39,40,41,42,43,44,45
,,,,,,34,35,36,37,38,39,40,41,42
38,39,40,41,42,43,44,45,46,47,,,,,
49,50,51,52,53,54,55,56,57,58,59,60,61,62,63
,,,,,,,,,,,30,31,32,33
,,,,,,,53,54,55,56,57,58,59,60
45,46,47,48,49,50,51,52,53,54,55,56,57,58,59
42,43,44,45,46,47,48,49,50,51,52,53,54,55,56
39,40,41,42,43,44,45,46,47,48,49,50,51,52,
50,51,52,53,54,55,56,57,58,59,60,61,62,63,64
31,32,33,34,35,36,37,38,39,40,41,42,43,44,45
,,,,,,,,30,31,32,,,,
,,,,30,31,32,33,34,35,36,37,38,39,40
,,30,31,32,33,34,35,36,37,38,39,40,41,42
,,,,,,,,30,31,32,33,34,35,36
32,33,34,35,36,37,38,39,40,41,42,43,44,45,46
,,,,,,,,,44,45,46,47,48,49
32,33,34,35,36,37,38,39,40,41,42,43,44,45,46
,,,,,,,,,,30,31,32,33,34
35,36,37,38,39,40,41,42,43,44,45,46,47,48,49
,30,31,32,33,34,35,36,37,38,39,40,41,42,43
39,40,41,42,43,44,45,46,47,48,49,50,51,52,53
58,59,60,61,,,,,,,,,,,
,30,31,32,33,34,35,36,37,38,39,40,41,42,43
,,,,,,,,,,,,64,65,
50,51,52,53,54,55,56,57,58,59,60,61,62,63,64
,,,,,,33,34,35,36,37,38,39,40,41
37,38,39,40,41,42,43,44,45,46,47,48,49,50,51
40,41,42,43,44,45,46,47,48,49,50,51,52,53,54
,30,,,,,,,,,,,,,
32,33,34,35,36,37,38,39,40,41,42,43,44,45,46
46,47,48,49,50,51,52,53,54,55,56,57,58,59,60
57,58,59,60,61,62,63,64,65,,,,,,
,,,,,,,,30,,,,,,
,,,,,,,,,,30,31,32,33,34
31,32,33,34,35,36,37,38,39,40,41,42,43,44,
40,41,42,43,44,45,46,47,48,49,50,51,52,53,54
,30,31,32,33,34,35,36,37,38,39,40,41,42,43
,,,30,31,32,,,,,,,,,
,,,,30,31,32,33,34,35,36,37,38,39,40
52,53,54,55,56,57,58,59,60,61,62,63,64,65,
,,,30,31,32,33,34,35,36,37,38,39,,
,,,,,30,31,,,,,,,,
53,54,55,56,57,58,59,60,61,62,63,64,65,,
38,39,40,41,42,43,44,45,,,,,,,
31,,,,,,,,,,,,,,
30,31,32,33,34,35,36,37,38,39,40,41,42,43,44
46,47,48,49,50,51,52,53,54,55,56,57,58,59,60
,,,,,,,30,31,32,33,34,35,36,37
,,,30,31,32,33,34,35,36,37,38,39,40,41
,30,31,32,33,34,35,36,37,38,39,40,41,42,43
,30,31,32,33,34,35,36,37,38,39,40,41,42,43
30,31,32,33,34,35,36,37,38,39,40,41,42,43,44
,,30,31,32,33,34,35,36,,,,,,
44,45,46,47,48,49,50,51,52,53,54,55,56,57,58
,,,,,,,,,,,,,38,39
31,32,33,34,35,36,37,38,39,40,41,42,43,44,45
35,36,37,38,39,40,41,42,43,44,45,46,47,48,49
47,48,49,50,51,52,53,54,55,56,57,58,59,60,61
50,51,52,53,54,55,56,57,58,59,60,61,62,63,64
41,42,43,44,45,46,47,48,49,50,51,52,53,54,55
,,,,,30,31,32,33,34,35,36,37,38,39
,,,,,,,,,,,30,31,32,33
49,50,51,,,,,,,,,,,,
35,36,37,38,39,40,41,42,43,44,45,46,47,48,49
55,56,57,58,59,60,61,62,63,64,,,,,
51,52,53,54,55,56,57,58,59,60,61,62,63,64,65
34,35,36,37,38,39,40,41,42,43,44,45,46,47,48
41,42,43,44,45,46,47,48,49,50,51,52,53,54,55
,,,,,,,,,,,30,31,32,33
48,49,50,51,52,53,54,55,56,57,58,59,60,61,62
37,38,39,40,41,42,43,44,45,46,47,48,49,50,51
,,,,,30,31,32,33,34,35,36,37,38,39
,,,,,,,,,,,,42,43,44
40,41,42,43,44,45,46,47,48,49,50,51,52,53,54
41,42,43,44,45,46,47,48,49,50,51,52,53,54,55
46,47,48,49,50,51,52,53,54,55,56,57,58,59,60
,,,,,,,41,42,43,44,45,46,47,48
50,51,52,53,54,55,56,57,58,59,60,61,62,63,64
52,53,,,,,,,,,,,,,
50,51,52,53,54,55,56,57,58,59,60,61,62,63,64
,,,,,,30,31,32,33,34,35,36,37,38
,,,30,31,32,33,34,35,36,37,38,39,40,41
,,,,,34,35,36,37,38,39,40,41,42,
32,33,34,35,36,37,38,39,40,41,42,43,44,45,46
35,36,37,38,39,40,41,42,43,,,,,,
47,48,49,50,51,52,53,54,55,56,57,58,59,60,61
,,,,,,,,,,30,31,32,33,34
32,33,34,35,36,37,38,39,40,41,42,43,44,45,46
,30,31,32,33,34,35,36,37,38,39,40,41,42,43
,,,,,,30,31,32,33,34,35,36,37,38
33,34,35,36,37,38,39,40,41,42,43,44,45,46,47
30,31,32,33,34,35,36,37,38,39,40,41,42,43,44
33,34,35,36,37,38,39,40,41,42,43,44,45,46,47
37,38,39,40,41,42,43,44,45,46,47,48,49,50,51
30,31,32,33,34,35,36,37,38,39,40,41,42,43,44
33,34,35,,,,,,,,,,,,
34,35,36,37,38,39,40,41,42,43,44,45,46,47,48
,,,39,40,41,42,43,44,45,46,47,48,,
,,30,31,32,33,34,35,36,37,38,39,40,41,42
,,,,,,,,,,30,31,32,33,34
52,53,54,55,56,57,58,59,60,61,62,63,64,65,
,30,31,32,33,34,35,36,37,38,39,40,41,42,43
30,31,32,33,34,35,36,,,,,,,,
,,,,,,,,30,31,32,33,34,35,36
58,59,60,61,62,63,64,65,,,,,,,
32,33,34,35,36,37,38,39,40,41,42,43,44,45,46
36,37,38,39,40,41,42,43,,,,,,,
,30,31,32,33,34,35,36,37,38,39,40,41,42,43
31,32,33,34,35,36,37,38,39,40,41,42,43,44,45
43,44,45,46,47,48,49,50,51,52,53,54,55,56,57
,,,,,,,,,30,31,32,33,34,35
33,34,35,36,37,38,39,40,41,42,43,44,45,46,47
30,31,32,33,34,35,36,37,38,39,40,41,42,43,44
36,37,38,39,40,41,42,43,44,45,46,47,48,49,50
49,50,51,52,53,54,55,,,,,,,,
,,,,,,,,,30,31,32,33,34,35
46,47,48,49,50,51,52,,,,,,,,
52,53,54,55,56,57,58,59,,,,,,,
30,31,32,33,34,35,36,,,,,,,,
,,,,,,,,30,31,32,33,34,35,36
,,,,37,38,39,40,41,,,,,,
,,,,,,,,,,30,31,32,33,34
,,,,,,,,30,31,32,33,34,35,36
44,45,46,47,48,49,50,51,52,53,54,55,56,57,58
30,31,32,33,34,35,36,37,,,,,,,
,,,,,,,,,,,39,40,41,42
37,,,,,,,,,,,,,,
36,37,38,39,40,41,42,43,44,45,46,47,,,
43,44,45,46,47,48,49,50,51,52,53,54,55,56,57
42,43,44,45,46,47,48,49,50,51,52,53,54,55,56
39,40,41,42,43,44,45,46,47,48,49,50,51,52,53
31,32,33,34,35,36,37,38,39,40,41,42,43,44,45
,30,31,32,33,34,35,36,37,38,39,40,41,42,43
,,30,31,32,33,34,35,36,37,38,39,40,41,42
,30,,,,,,,,,,,,,
45,46,47,48,49,50,51,52,53,54,55,56,57,58,59
30,31,32,33,34,35,36,37,38,39,40,41,42,43,44
,,30,31,32,33,34,35,36,37,38,39,40,41,42
,,,,,,,,30,,,,,,
48,49,50,51,52,53,54,55,56,57,58,59,60,61,62
,,,,,,,,,,,,31,32,33
,,,,,,31,32,33,34,35,36,37,38,39
38,39,40,41,42,43,44,45,46,47,48,49,50,51,52
,,,,,,,,30,31,32,33,34,35,36
,,,,,,,,,,,30,31,32,33
37,38,39,40,41,42,43,44,45,46,47,48,49,50,51
,,,,,30,31,32,33,34,35,36,37,38,39
,,,,,,,,,,,,,33,34
,,,,,,,,,37,38,39,40,,
,,,,,,,,,,30,31,,,
41,42,43,44,45,46,47,48,49,50,51,,,,
,,,,,30,31,32,33,34,35,36,37,38,39
36,37,38,39,40,41,42,43,44,,,,,,
,,,,30,31,32,33,34,35,36,37,38,39,40
31,32,33,34,35,36,37,38,39,40,41,42,43,44,45
,,,30,31,32,33,34,35,36,37,38,39,40,41
35,36,37,38,39,40,41,42,43,44,45,46,47,48,49
,,,,,,,,30,31,32,33,34,35,36
40,41,42,43,44,45,46,47,48,49,50,51,52,53,54
45,46,47,48,49,50,51,52,53,54,55,56,57,58,59
,,,,,,,,30,31,32,33,34,35,36
,,,,,,,,30,31,32,33,34,35,36
33,34,35,36,37,38,39,40,41,42,43,,,,
,,,,,,,30,31,32,33,34,35,36,37
47,48,49,50,51,52,53,54,,,,,,,
,,,,,,,,,34,35,36,37,38,39
,,,,,,30,31,32,33,34,35,36,37,38
,,,,,40,41,42,43,44,45,46,47,48,49
,47,48,49,50,51,52,53,54,55,56,57,58,59,60
53,54,55,56,57,,,,,,,,,,
,,,,40,41,42,43,44,45,46,47,48,49,50
54,55,56,57,58,59,60,61,62,63,64,65,,,
40,41,42,43,44,45,46,47,48,49,50,51,52,53,54
40,41,42,43,44,45,46,47,48,49,50,51,52,53,54
,,,,,,,,,,,30,31,32,33
,,,,,,,,,,,,31,32,33
,,,,,,,31,32,33,34,35,,,
,30,31,32,33,34,35,36,37,38,39,40,41,42,43
50,51,52,53,54,55,56,57,58,59,60,61,62,63,64
,,,,,,,,30,31,32,33,34,35,36
31,32,33,34,35,36,37,38,39,40,41,42,43,44,45
47,48,49,50,51,,,,,,,,,,
,,36,37,38,39,40,41,42,43,44,45,46,47,
34,35,36,37,38,39,40,41,42,43,44,45,46,47,48
32,33,34,35,36,37,38,39,40,41,42,43,,,
,,,,,,30,31,32,33,34,35,36,37,38
50,51,52,53,54,55,56,57,58,59,60,61,62,63,64
40,41,42,43,44,45,46,47,48,49,50,51,52,53,54
42,43,44,45,46,47,48,49,50,51,52,53,54,55,56
31,32,,,,,,,,,,,,,
31,32,33,34,35,36,37,38,39,40,41,42,43,44,45
,,,,,,,,,30,31,32,33,34,35
,30,31,32,33,34,35,36,37,38,39,40,41,42,43
,,,,,,31,32,33,34,35,36,37,38,39
,,,,,,,,,30,31,32,33,34,35
55,56,57,58,59,60,61,62,63,64,65,,,,
,,39,40,41,42,43,44,,,,,,,
,,,,,,,,,,,38,39,40,41
35,36,37,38,39,40,41,42,43,44,45,46,47,48,49
,30,31,32,33,34,35,36,37,38,39,40,41,42,43
32,33,34,35,36,37,38,39,40,41,42,43,44,45,46
,,,30,31,32,33,34,35,36,37,38,,,
33,34,35,36,37,38,39,40,41,42,43,44,45,46,47
38,,,,,,,,,,,,,,
43,44,45,46,47,48,49,50,51,52,53,54,55,56,57
,30,31,32,33,34,35,36,37,38,39,40,41,42,43
43,44,45,46,47,48,49,50,51,52,53,54,55,56,57
55,56,57,58,59,60,61,62,63,64,65,,,,
,,36,37,38,39,,,,,,,,,
,,,,,,,32,33,34,35,36,37,38,39
53,54,55,56,57,58,59,60,61,62,63,64,65,,
35,36,37,38,39,40,41,42,43,44,45,46,47,48,49
,,,,30,31,32,33,34,35,36,37,38,39,40
,,,,,,30,31,32,33,34,35,36,37,38
48,49,50,51,52,53,54,55,56,57,58,59,60,61,62
35,36,37,38,39,40,41,42,43,44,45,46,47,48,49
,,,,,,,31,32,33,34,35,36,37,38
38,39,40,41,42,43,44,45,46,47,48,49,50,51,52
45,46,47,48,49,50,51,52,53,54,55,,,,
40,41,42,43,44,45,46,47,48,49,50,51,52,53,54
,,47,48,49,50,51,52,53,54,55,56,57,58,59
51,52,53,54,55,56,57,58,59,60,61,62,63,64,65
,30,31,32,33,34,35,36,37,38,39,40,41,42,43
,,,,30,31,32,33,34,35,36,37,38,39,40
,,,,,,,30,31,32,33,34,35,36,37
,,,,,,,31,32,33,34,35,36,37,38
,,,,30,31,32,33,34,35,36,37,38,39,40
36,37,,,,,,,,,,,,,
50,51,52,53,54,55,56,57,58,59,60,61,62,63,64
,,,,,,,,,37,38,39,40,,
37,38,,,,,,,,,,,,,
53,54,55,56,57,58,59,60,61,62,63,64,65,,
44,45,46,47,48,49,50,51,52,53,54,55,56,57,58
34,35,36,37,38,39,40,41,42,,,,,,
,,,,,,,,,30,31,32,33,34,35
,,,,30,31,32,33,34,35,36,37,38,39,40
31,32,33,34,35,36,37,38,39,40,41,42,43,44,45
35,36,37,38,39,40,41,42,43,44,45,46,47,48,49
38,39,40,41,42,43,44,45,46,47,48,49,50,51,52
32,33,34,35,36,37,38,39,40,41,42,43,44,45,46
41,42,43,44,45,46,47,48,49,50,51,52,53,54,55
,,30,31,32,33,34,35,36,37,38,39,40,41,42
,,,,,,,30,31,32,33,34,35,36,37
,,,,,,,30,31,32,33,34,,,
,,,,,,,30,31,32,33,34,35,36,37
,,,,,,,,,30,31,,,,
,,,,,,,,,,,31,32,33,34
53,54,55,56,57,58,59,60,61,62,63,64,65,,
,,,,,,,30,31,32,33,34,35,36,37
57,58,59,60,61,62,63,64,65,,,,,,
,,,,,,,,,,,30,31,32,33
,,,,,,,,,,30,31,32,33,34
36,37,38,39,40,41,42,43,44,45,46,47,48,49,50
42,43,44,45,46,47,48,49,50,51,52,53,54,,
,,,,,56,57,58,59,60,61,62,63,64,65
,,,,,,,,,,30,31,32,33,34
37,38,39,40,41,42,43,44,45,46,47,48,49,50,51
31,32,33,34,35,36,37,38,39,40,41,42,43,44,45
,,,33,34,35,36,37,38,39,40,41,42,43,44
30,31,32,33,34,35,36,37,38,39,40,41,42,43,44
,,,,,,,30,31,32,33,34,35,36,37
49,50,51,52,53,54,55,56,57,58,59,60,61,62,63
58,59,60,61,62,63,64,65,,,,,,,
,30,31,32,33,34,35,36,37,,,,,,
,,,,,,,,,,30,31,32,33,34
35,36,37,38,39,40,41,42,43,44,45,46,47,48,49
31,32,33,34,35,36,37,38,39,40,41,42,43,44,45
47,48,49,50,51,52,53,54,55,56,57,58,59,60,61
,,,,,,,,,,,30,31,32,33
51,52,53,54,55,56,57,58,59,60,61,62,63,64,65
,,,,31,32,33,34,35,36,37,38,39,40,41
,,,,,,,34,35,36,37,38,39,40,41
,,,,30,31,32,33,34,35,36,37,38,39,40
,,,,,30,31,32,33,34,35,36,37,38,39
53,54,55,56,57,58,59,60,61,62,63,64,65,,
30,31,32,33,34,35,36,37,38,39,40,41,42,43,44
31,32,33,34,35,36,37,38,39,40,41,42,43,44,45
,,,,,30,31,,,,,,,,
,,,,,,,,,,33,34,35,36,37
,,,,,,,35,36,37,38,39,40,41,42
,,,,,30,31,32,33,34,35,36,37,38,39
,,,,,,,,,,,64,65,,
32,33,34,35,36,37,38,39,40,41,,,,,
40,41,42,43,44,45,,,,,,,,,
37,38,,,,,,,,,,,,,
51,52,53,54,55,56,57,58,59,60,61,62,63,64,65
,,,,,,33,34,35,36,37,38,39,40,41
,,30,31,32,33,34,35,36,37,38,39,40,41,42
57,58,59,60,61,62,63,64,65,,,,,,
37,38,39,40,41,42,43,44,45,46,47,48,49,50,51
35,36,37,38,39,40,41,42,43,44,45,46,47,48,49
43,44,45,46,47,48,49,50,51,,,,,,
,,,,,,,,30,31,32,33,34,35,36
,30,31,32,33,34,35,36,37,38,39,40,41,42,43
34,35,36,37,38,39,40,41,42,43,44,45,46,47,48
31,,,,,,,,,,,,,,
45,46,47,48,49,50,51,,,,,,,,
,,,,,,,,30,31,32,33,34,35,36
,,,,,,,,,,30,31,32,33,34
33,34,35,36,37,38,39,40,41,42,43,44,45,46,47
,,30,31,32,33,34,35,36,37,38,39,40,41,42
42,43,44,45,46,47,48,49,50,51,52,53,54,55,56
47,48,49,50,51,52,53,54,55,56,57,58,59,60,61
,,,,,,,,30,31,32,33,34,35,36
,,,,,,,,32,33,34,35,36,37,38
30,31,32,33,34,35,36,37,38,39,40,41,42,43,44
,30,31,32,33,34,35,36,37,38,39,40,41,42,43
50,51,52,53,54,55,56,57,58,59,60,61,62,63,64
,,,,30,31,32,33,34,35,36,37,38,39,40
,,,,,,,,30,31,32,33,34,35,36
,,,,,,,,,,,31,32,33,34
40,41,42,43,44,45,46,47,48,49,50,51,52,53,54
,,,,30,31,32,33,34,35,36,37,38,39,40
,,30,31,32,33,34,35,36,37,38,39,40,41,42
,,,,,,,,,,30,31,32,33,34
,,,,,,,,,,,30,31,32,33
31,32,33,34,35,36,37,38,39,40,41,42,43,44,45
,,,30,31,32,,,,,,,,,
31,32,33,34,35,36,37,38,39,40,41,42,43,44,45
,,,,,,,,,,,43,44,45,46
45,46,47,48,49,50,51,52,53,54,55,56,57,58,
,,,,30,31,32,33,34,35,36,37,38,39,
,,,30,31,32,33,34,35,36,37,38,39,40,41
32,33,34,35,36,37,38,39,40,41,42,43,44,45,46
33,34,35,36,37,38,39,40,41,42,43,44,45,46,47
,,,,,,,,,36,37,38,39,40,41
,,,,31,32,33,,,,,,,,
,,,30,31,32,33,34,35,36,37,38,39,40,41
,,,,,30,31,32,33,34,35,36,37,38,39
,,,,,,30,31,32,33,34,35,36,37,38
,,,,30,31,32,33,34,35,36,37,38,39,40
,,,,,,,30,31,32,,,,,
49,50,51,52,53,54,55,56,57,58,59,60,61,62,63
,,,,,,,,30,31,32,33,34,35,36
30,31,32,33,34,35,36,37,38,39,40,41,42,43,44
,,,,,30,31,32,,,,,,,
,,,,,,,,,,30,31,32,33,34
44,45,46,47,48,49,,,,,,,,,
,30,31,32,33,34,35,36,37,38,39,40,41,42,43
47,48,49,50,51,52,53,54,55,56,57,58,59,60,61
,,,,,,30,31,32,33,34,35,36,37,38
,30,31,32,33,34,35,36,37,38,39,40,41,42,43
33,34,35,36,37,38,39,40,41,42,43,44,45,46,47
32,33,34,35,36,37,38,39,40,41,42,43,44,45,46
,,,,,,,,30,31,32,33,34,35,36
,30,31,32,33,34,35,36,37,38,39,40,41,42,43
32,33,34,35,36,37,38,39,40,41,42,43,44,45,
37,38,39,40,41,42,43,44,45,46,47,48,49,50,51
,,,,,,,,,45,46,47,48,49,50
,,,,,,,,30,31,32,33,34,35,36
,,,,,,,,,31,32,33,34,35,36
51,52,53,54,55,56,57,58,59,60,61,62,63,64,65
,,,,,,,,34,35,36,37,38,39,40
43,44,45,46,47,48,49,50,51,52,53,54,55,56,57
32,33,34,35,36,37,38,39,40,41,42,43,44,45,46
,,,,,,,,,,30,31,32,33,34
,30,31,32,33,34,35,36,37,38,39,40,41,42,43
,,30,31,32,33,34,35,36,37,38,39,40,41,42
52,53,54,55,56,57,58,59,60,61,62,63,64,65,
,,,,,,,,,,30,31,32,33,34
32,33,34,35,36,37,38,39,40,41,42,43,44,45,46
,,,,,,30,31,32,33,34,35,36,37,38
30,31,32,33,34,35,36,37,38,39,40,41,42,43,44
,,,,,,30,31,32,33,34,35,36,,
41,42,43,44,45,46,47,48,49,50,51,52,53,54,55
50,51,52,53,,,,,,,,,,,
,,,,,,,32,33,34,35,36,37,38,39
,,,,,,32,33,34,35,36,37,38,39,40
,,,,,30,31,32,33,34,35,36,37,38,39
,,,,,,,,,30,31,32,33,34,35
35,36,37,38,39,40,41,42,43,44,45,46,47,48,49
,,30,31,32,33,34,35,36,37,38,39,40,41,42
31,32,33,34,35,36,37,38,39,40,41,42,43,44,
,,,,,,,,,,,33,34,35,36
49,50,51,52,53,54,55,56,57,58,59,60,61,62,63
,,,,,,,,,,30,31,32,33,34
,,,,,,,,,,,30,31,32,33
,30,31,32,33,34,35,36,37,38,39,40,41,42,43
,,59,60,61,62,,,,,,,,,
55,56,57,58,59,60,,,,,,,,,
,,,,30,31,32,33,34,35,36,37,38,39,40
,30,31,32,33,34,,,,,,,,,
,,,,,,,,,,,,64,65,
40,41,42,43,44,45,46,47,48,49,50,51,52,53,54
,,,,30,31,32,33,34,35,36,37,38,39,40
34,35,36,37,38,39,40,41,42,43,44,45,,,
,,,,,30,31,32,33,34,35,36,37,38,39
50,51,52,53,54,55,56,57,58,59,60,61,62,63,64
,,,,,,,,,,30,31,32,33,
52,53,54,55,56,57,58,59,60,61,62,63,64,65,
37,38,39,40,41,,,,,,,,,,
53,54,55,56,57,58,59,60,61,62,63,64,65,,
,,30,31,32,33,34,35,36,37,38,39,40,41,42
,,,,,,30,31,32,33,34,35,36,37,38
,,,30,31,32,33,34,35,36,37,38,39,40,41
,,30,31,32,33,34,35,36,37,38,39,40,41,
30,31,32,33,34,35,36,37,38,39,40,41,42,43,44
,30,31,32,33,34,35,36,37,38,39,40,41,42,43
31,32,33,34,35,36,37,38,39,40,41,42,43,44,
31,32,33,34,35,36,37,38,39,40,41,42,43,44,45
33,34,35,36,37,38,39,40,41,42,43,44,45,46,47
31,32,33,34,35,36,37,38,39,,,,,,
,,,,35,36,37,38,39,40,41,42,43,44,45
,,,,,,,,,,,30,31,32,33
,,,,,,32,33,34,35,,,,,
,,,,,,,,,,,,,37,38
,,,,,,,,,30,31,32,33,34,35
,30,31,32,33,34,35,36,37,38,39,40,41,42,43
,,30,31,32,33,34,35,36,37,38,39,40,41,42
51,52,53,54,55,56,57,58,59,60,61,62,63,64,65
33,34,35,36,37,38,39,40,41,42,43,44,45,46,47
51,52,53,54,55,56,57,58,59,60,61,62,63,64,65
30,31,32,33,34,35,36,37,38,39,40,41,42,43,44
34,35,36,37,38,39,40,41,42,43,44,45,46,47,48
,,,,,30,31,32,33,34,35,36,37,38,
43,44,45,46,47,48,49,50,51,52,53,54,55,56,57
,,,,,,,,,,,30,31,32,33
,,,30,31,32,33,34,35,36,37,38,39,40,41
40,41,42,43,,,,,,,,,,,
,,,,,,,,,31,32,33,34,35,36
33,34,35,36,37,38,39,40,41,42,43,44,45,46,47
33,34,35,36,37,38,39,40,41,42,43,44,45,46,47
36,37,38,39,40,41,42,43,44,45,46,47,48,49,50
,,,,,,30,31,32,33,34,35,36,37,38
34,35,36,37,38,39,40,41,42,43,44,45,46,47,48
,,,,,,,,35,36,37,38,39,40,41
,,,30,31,32,33,34,35,36,37,38,39,40,41
41,42,43,44,45,46,47,48,49,50,51,52,53,54,55
31,32,33,34,35,36,37,38,39,40,41,42,43,44,45
,,,,31,32,33,34,35,36,37,38,39,40,41
30,31,32,33,34,35,36,37,38,39,40,41,42,43,44
,,,30,31,32,33,34,35,36,37,38,39,40,41
,,,,,,,,,30,31,32,33,34,35
,,,,30,31,32,33,34,35,36,37,38,39,40
37,38,39,40,41,42,43,44,45,46,47,48,49,50,51
,,30,31,32,33,34,35,36,37,38,,,,
,,,,,,,,30,31,32,33,34,35,36
,,30,31,32,33,34,35,36,37,38,39,40,41,42
,,,42,43,44,45,46,47,48,49,50,51,52,53
43,44,45,46,47,48,49,50,51,52,53,54,55,56,57
,,,,,,,,,,30,31,32,33,34
,,,,30,31,32,33,34,35,,,,,
,,,,,,,30,31,32,33,34,35,36,37
,,,,,,,,,30,31,32,33,34,35
45,46,47,48,49,50,51,52,53,54,55,56,57,58,59
45,46,47,48,49,50,51,52,53,54,55,56,57,58,59
30,31,32,33,34,35,36,37,38,39,40,41,42,43,
,,,,,,,,,30,31,32,33,34,35
,,,,,,,,,34,35,36,37,38,39
30,31,32,33,34,35,36,37,38,39,40,41,42,43,44
51,52,53,54,55,56,57,58,59,60,61,62,63,64,65
,,,,,,,,,30,31,,,,
36,37,38,39,40,41,42,43,44,45,46,47,48,49,50
,,,,,,,30,31,32,33,34,35,36,37
35,36,37,38,39,40,41,42,43,44,45,46,47,48,49
,,,,,,,30,31,32,33,34,35,36,37
,30,31,32,33,34,35,36,37,38,,,,,
31,32,33,34,35,36,,,,,,,,,
56,57,58,59,60,61,62,63,64,65,,,,,
,,,,,,,,,,36,37,38,39,40
48,49,50,51,52,53,54,55,56,57,58,59,60,61,62
49,50,51,52,53,54,55,56,57,58,59,60,61,62,63
46,47,48,49,50,51,52,53,54,55,56,57,58,59,60
,,,,,,,,,30,31,32,33,34,35
49,50,51,52,53,54,55,56,57,58,59,60,61,62,63
30,31,32,33,34,35,36,37,38,39,40,41,42,43,44
41,42,43,44,45,46,47,48,49,50,51,52,53,54,55
,,,,,30,31,32,33,34,35,36,37,38,39
50,51,52,53,54,55,56,57,58,59,60,61,62,63,64
,,,,,,,,,,,30,31,32,33
,,,,,30,31,32,33,34,35,36,37,38,
40,41,42,43,,,,,,,,,,,
32,33,34,35,36,37,38,39,40,41,42,43,44,45,46
51,52,53,54,55,56,57,58,59,60,61,62,63,64,65
,,,,,,,,30,31,32,33,34,35,36
,,,30,31,32,33,34,35,36,37,38,39,40,41
30,31,32,33,34,35,36,37,38,39,40,41,42,43,44
,,,,,,,,,,,30,31,32,33
37,38,39,40,41,42,43,44,45,46,47,48,49,50,51
,,,,,30,31,32,33,34,35,,,,
,,,,,,,,,,34,35,36,37,38
,,,,,,,,,,33,34,35,36,37
50,51,52,53,54,55,56,57,58,59,60,61,62,63,64
,,,,,,30,31,32,33,34,35,36,37,38
,,,,,30,31,32,33,34,35,36,37,38,39
,,,,,,34,35,36,37,38,39,40,41,42
,,,,,,,,,,,,,32,33
49,50,51,52,53,54,55,56,57,,,,,,
,,,,30,31,32,33,34,35,36,37,38,39,
52,53,54,55,56,57,58,59,60,61,62,63,64,65,
,30,,,,,,,,,,,,,
36,37,38,39,40,41,42,,,,,,,,
,,,,,,,,,30,31,32,33,34,35
,,,,,,,30,31,32,33,34,35,36,37
,,,,,,,,,,,,39,40,41
,,,,,,,,,30,31,32,33,34,35
30,31,32,33,34,35,36,37,38,39,40,41,42,43,44
,,,,30,31,32,33,34,35,36,37,38,39,40
,,,33,34,35,36,37,38,39,40,41,42,43,44
,,,,,,,32,33,34,35,36,37,38,39
30,31,32,33,34,35,36,37,38,39,40,41,42,43,44
55,56,57,58,59,60,61,62,63,64,65,,,,
56,57,58,59,60,61,,,,,,,,,
,,,,,,,30,31,32,33,34,35,36,37
37,38,39,40,,,,,,,,,,,
41,42,43,44,45,46,47,48,49,50,51,52,53,54,55
,,,,30,31,32,33,34,35,36,37,38,39,40
47,48,49,50,51,52,53,54,55,56,57,58,59,60,61
,,,30,31,32,33,34,35,,,,,,
36,37,38,39,40,41,42,43,44,45,46,47,48,49,50
35,36,37,38,39,40,41,42,43,44,45,46,47,48,49
34,35,36,37,38,39,40,41,42,43,44,45,46,47,48
31,32,33,34,35,36,37,38,39,40,41,42,43,44,45
33,34,35,36,37,38,39,40,41,42,43,44,45,46,47
54,55,56,57,58,59,60,61,62,63,64,65,,,
,30,31,32,33,34,35,36,37,38,39,40,41,42,43
49,50,51,52,53,54,55,56,57,58,,,,,
32,33,34,35,36,37,38,39,40,41,42,43,44,45,46
,,,,,,,30,31,32,33,34,35,36,37
,,,,,,,61,62,63,64,65,,,
,,,,,,,,,37,38,39,40,41,42
,,,,,,,,30,31,32,33,34,35,36
,,,30,31,32,33,34,35,36,37,38,39,40,41
,,,,,,38,39,40,41,42,43,44,45,46
45,46,47,48,49,50,51,,,,,,,,
,,,,,,,,,,30,31,32,33,34
,,,,,,,,,30,31,32,33,,
55,56,57,58,59,60,61,62,63,64,65,,,,
,,,,,,,,30,31,32,33,34,35,36
,,,30,31,,,,,,,,,,
49,50,51,52,53,54,55,56,57,58,59,60,61,62,63
,,,,,,30,31,32,33,34,35,36,37,38
,,,,,,30,31,32,33,34,35,36,37,38
,,,,30,31,32,33,34,35,36,37,38,39,40
30,31,32,33,34,35,36,37,38,39,40,41,42,43,44
,,,,,,,30,31,32,33,34,35,36,37
,,,,,,,,30,31,32,,,,
58,59,60,61,62,63,64,65,,,,,,,
,,30,31,32,33,34,35,36,37,38,39,40,41,42
,,,30,31,32,33,34,35,36,37,38,39,40,41
56,57,58,59,60,61,62,63,64,65,,,,,
,,,30,31,32,33,34,35,36,37,38,39,40,41
,,,,,,30,31,32,33,34,35,36,37,38
34,35,36,37,38,39,40,41,42,43,44,45,46,47,48
,,,30,31,32,33,34,35,36,37,38,39,40,41
34,35,36,37,38,39,40,41,42,43,44,,,,
50,,,,,,,,,,,,,,
45,46,47,48,49,50,51,52,53,54,55,56,57,58,59
,,,,,,,30,31,32,33,34,35,36,37
48,49,50,51,52,53,54,55,56,57,58,59,60,61,62
,,,,30,31,32,33,34,35,36,37,38,39,40
,,,,,30,31,32,,,,,,,
,,,,,,,,,,,30,31,32,33
41,42,43,44,45,46,47,48,49,50,51,52,53,54,55
,,,,,,34,35,36,37,38,39,40,41,42
,,,,,,,,,,,,32,33,34
52,53,54,55,,,,,,,,,,,
,,,,,,30,31,32,33,34,35,36,37,38
,,,,30,31,32,33,34,35,36,37,38,39,40
,,,,,,,,,,,37,38,39,40
,,,,,,,,30,31,32,33,34,35,36
39,40,41,42,43,44,45,46,47,48,,,,,
34,35,36,37,38,39,40,41,42,43,44,45,46,47,48
32,33,34,35,36,37,38,39,40,41,42,43,44,45,46
,,,,,,,,30,31,32,33,34,35,36
,57,58,,,,,,,,,,,,
32,33,34,35,36,37,38,39,40,41,42,43,44,45,46
46,47,48,49,50,51,52,53,54,55,56,57,58,59,60
,,,,,,,,,,30,31,32,33,34
,,,,30,31,32,33,34,35,36,37,38,39,40
,54,55,56,57,58,59,60,,,,,,,
48,49,50,51,52,53,54,55,56,57,58,59,60,61,62
41,42,43,44,45,46,47,48,49,50,51,52,53,54,55
49,,,,,,,,,,,,,,
49,50,51,52,53,54,55,56,57,58,59,60,61,62,63
,,,,,30,31,32,33,34,35,36,37,,
30,31,32,33,34,35,36,37,38,39,40,41,42,43,44
50,51,52,53,54,55,56,57,58,59,60,61,62,63,
,,,30,31,32,33,34,35,36,37,38,39,40,41
,,,,,,,,,,,,46,47,
,,,,,,30,31,32,33,34,35,36,37,38
37,38,39,40,41,42,43,44,45,46,,,,,
,,,,,,,,,,,30,31,32,33
,,,,,,,,,30,31,32,33,34,35
,,,,,,,,,,,30,31,32,33
57,58,59,60,61,62,63,64,65,,,,,,
38,39,40,41,42,43,44,45,46,47,48,49,50,51,52
47,48,,,,,,,,,,,,,
32,33,34,35,36,37,38,39,40,41,42,43,44,45,
,,30,31,32,33,34,35,36,37,38,39,40,41,42
58,59,60,61,62,63,,,,,,,,,
36,37,38,39,40,41,42,43,44,45,46,47,48,49,50
,30,31,32,33,34,35,36,37,38,39,40,41,42,43
,,,,,,,,,,,,37,38,39
33,34,35,36,37,38,39,40,41,42,43,44,,,
57,58,59,60,61,62,63,64,65,,,,,,
,,30,,,,,,,,,,,,
,30,31,32,33,34,35,36,37,38,39,40,41,42,43
,,,,30,31,32,33,34,35,36,37,38,,
33,34,35,36,37,38,39,40,41,42,43,44,45,46,47
52,53,54,55,56,57,58,59,60,61,62,63,64,65,
,,,,,,30,31,32,33,34,35,36,37,38
,,,,,,,33,34,35,36,37,38,39,40
56,57,58,59,60,61,62,63,64,65,,,,,
,,,,,,,,,30,31,32,33,34,35
,30,31,32,33,34,35,36,37,38,39,40,41,42,43
33,34,35,36,37,38,39,40,41,42,43,44,45,46,47
44,45,46,47,48,49,50,51,52,53,54,55,56,57,58
33,34,35,36,37,38,39,40,41,42,43,44,,,
,36,37,38,39,40,41,42,43,44,45,46,47,48,49
,,,,,,,,,,,,43,44,45
38,39,40,41,42,43,44,45,46,47,48,49,50,51,52
,,,,30,31,32,33,34,35,36,37,38,39,40
46,47,48,49,50,51,52,53,54,55,56,57,58,59,60
31,32,33,34,35,36,37,38,39,40,41,42,43,44,45
32,33,,,,,,,,,,,,,
40,41,42,43,44,45,46,47,48,49,50,51,52,53,54
50,51,52,53,54,55,56,57,58,59,60,61,62,63,64
56,57,58,59,60,61,62,63,64,65,,,,,
,,30,31,32,33,34,35,36,37,38,39,40,41,42
,,,,,30,31,32,33,34,35,36,37,38,39
,,,,,,,,,,34,35,36,37,38
,,,,,,,,,,,,37,38,39
,,,,,,,30,31,,,,,,
,,,,,,,,,,,,42,43,44
50,,,,,,,,,,,,,,
37,38,39,40,41,42,43,44,45,46,47,48,49,50,51
33,34,35,36,37,,,,,,,,,,
,,,,,,,,35,36,37,38,39,40,41
,,,,30,31,32,33,34,35,36,37,38,39,40
,,,,,,,,,,30,31,32,33,34
,,,,,,30,31,32,33,34,35,36,37,38
,,30,31,32,33,34,35,36,37,38,39,40,41,42
52,53,54,55,56,57,58,59,60,61,62,63,64,65,
,,,,,,,,,,,,,37,38
,,,30,31,32,33,34,35,36,37,38,39,40,41
31,32,33,34,35,36,37,38,39,40,41,42,43,44,45
38,39,40,41,42,43,44,45,46,47,48,49,50,51,52
31,32,33,34,35,36,37,38,39,40,,,,,
40,41,42,43,44,45,46,47,48,49,50,51,52,53,54
,30,31,,,,,,,,,,,,
,,,,,31,32,33,34,35,36,37,38,39,40
52,53,54,55,56,57,58,59,60,61,62,63,64,65,
,,,,,,,,30,31,32,33,34,35,36
45,46,47,48,49,50,51,52,53,54,55,,,,
34,35,36,37,38,39,40,41,42,43,44,45,,,
42,43,44,45,46,,,,,,,,,,
,,,,,,30,31,32,33,34,35,36,37,38
30,31,32,33,34,35,36,37,38,39,40,41,42,43,44
57,58,59,60,61,62,63,64,65,,,,,,
34,35,36,37,38,39,40,41,42,43,44,45,46,47,48
36,37,38,39,40,41,42,43,44,45,46,47,48,49,50
32,33,34,35,36,37,38,39,40,41,42,43,44,45,46
33,34,35,36,37,38,,,,,,,,,
,,,,,35,36,37,38,39,40,41,42,43,44
,,,,,,,,,30,31,32,33,34,35
,,,,,,,,,30,31,32,33,34,35
,,,,,,,,,,,30,31,32,33
56,57,58,59,60,61,62,63,64,65,,,,,
,30,31,32,33,34,35,36,37,38,39,40,41,42,43
,,30,31,32,33,34,35,36,37,38,39,40,41,42
51,52,53,54,55,56,57,58,59,60,61,62,63,,
47,48,,,,,,,,,,,,,
41,42,43,44,45,46,47,48,49,50,51,52,53,54,55
36,37,38,39,40,41,42,43,44,45,46,47,48,49,50
,,,,,30,31,32,33,34,35,36,37,38,39
,30,31,32,33,34,35,36,37,38,39,40,41,42,43
,,,,,30,31,32,33,34,35,36,37,38,39
47,48,49,50,51,52,53,54,55,56,57,58,59,60,61
32,33,34,35,36,37,38,39,40,41,42,43,44,45,46
,,,,42,43,44,45,46,47,48,49,50,51,52
,,,,,,,,,,30,31,32,33,34
45,46,47,48,49,50,51,52,53,54,55,56,57,58,59
,,,,,,,,,,30,31,32,33,34
42,,,,,,,,,,,,,,
,,,,,30,31,32,33,34,35,36,37,38,39
,,,46,47,48,49,,,,,,,,
,,,,,,,,52,53,54,55,56,57,58
51,52,53,54,55,56,57,,,,,,,,
,,,,,,,,30,31,32,33,34,35,36
50,51,52,53,54,55,56,57,58,59,60,61,62,63,64
,,30,31,32,33,34,,,,,,,,
51,52,53,54,55,56,57,58,59,60,61,62,63,64,65
35,36,37,38,39,40,41,42,43,44,45,46,47,48,49
31,32,33,34,35,36,37,38,39,40,41,42,43,44,45
,,30,31,32,33,34,35,36,37,38,39,40,41,42
,,,,30,31,32,33,34,35,36,37,38,39,40
,,,,,30,31,32,33,34,35,36,37,38,39
40,41,42,43,44,45,46,47,48,49,50,51,52,53,54
35,36,37,38,39,40,41,42,43,44,45,46,,,
36,37,38,,,,,,,,,,,,
31,32,33,34,35,36,37,38,39,40,41,42,43,44,45
,,,,,,30,31,32,33,34,35,36,37,38
31,32,33,34,35,36,37,38,39,40,41,42,43,44,45
,30,31,32,33,34,35,36,37,38,39,40,41,42,43
,,,30,31,32,33,34,35,36,37,38,39,40,41
32,33,34,35,36,37,38,39,40,41,42,43,44,45,46
39,40,41,42,43,44,45,46,47,48,49,50,51,52,53
,32,33,34,35,36,37,38,39,40,41,42,43,44,45
45,46,47,48,49,50,51,52,53,54,55,56,57,58,59
47,48,49,50,51,52,53,54,55,56,57,58,59,60,61
37,38,39,40,41,42,43,44,45,46,47,48,49,50,51
56,57,58,59,60,61,62,63,64,65,,,,,
41,42,43,44,45,46,47,48,49,50,51,52,53,54,55
,,,,30,31,32,33,34,35,36,37,38,39,40
39,40,41,42,43,44,45,46,47,48,49,50,51,52,53
30,31,32,33,34,35,36,37,38,39,40,41,42,43,44
,,,,30,31,32,33,34,35,36,37,38,39,40
,,,,,,,,30,31,32,33,34,35,36
,,,,,,,,,,,30,31,32,33
51,52,53,54,55,56,57,58,59,60,61,62,63,64,65
33,34,35,36,,,,,,,,,,,
58,59,60,61,62,63,64,65,,,,,,,
33,34,35,36,37,38,39,40,41,42,43,44,45,46,47
,,,,,,30,31,32,33,34,35,36,37,38
,30,31,32,33,34,35,36,37,38,39,40,41,42,43
,,,,,,,,30,31,32,33,34,35,36
33,34,35,36,37,38,39,40,41,42,43,44,45,46,47
,,,,,30,31,32,33,34,35,36,37,38,39
,,,30,31,32,33,34,35,36,37,38,39,40,41
,,,,,,,,,,30,31,32,33,34
34,35,36,37,38,39,40,41,42,43,44,45,46,47,48
,30,31,32,33,34,35,36,37,38,39,40,41,42,43
30,31,32,33,34,35,36,37,38,39,40,41,42,43,44
,,,,,,,,37,38,39,40,41,42,43
,,,,,,,,,,,30,31,32,33
46,47,48,49,50,51,52,53,54,55,56,57,58,59,60
,,,,,30,31,32,33,34,35,36,37,38,39
,,,30,31,32,33,34,35,36,37,38,39,40,41
51,52,53,54,55,56,57,58,59,60,61,62,63,,
30,31,32,33,34,35,36,37,38,39,40,41,42,43,44
30,31,32,33,34,35,36,37,38,39,40,41,42,43,44
,,,,,,,,,30,31,32,33,34,35
,46,47,48,49,50,51,52,53,54,55,56,57,58,59
,,,,42,43,44,45,,,,,,,
31,,,,,,,,,,,,,,
,,,30,31,32,33,34,35,36,37,38,,,
,,30,31,32,33,34,35,36,37,38,39,40,41,42
44,45,46,47,48,49,50,51,52,53,54,55,56,57,58
,30,31,32,33,34,35,36,37,38,39,40,41,42,43
31,32,33,34,35,36,37,38,39,40,41,42,43,44,45
48,49,50,51,52,53,54,55,56,57,58,59,60,61,62
,,,,,30,31,32,33,34,35,36,37,38,39
37,38,39,40,41,42,43,44,45,46,47,48,49,50,
,,,,,,,,,30,31,32,33,34,35
,,,,,,,30,31,32,33,34,35,36,37
30,31,32,33,34,35,36,37,38,39,40,41,42,43,44
53,54,55,56,57,58,59,60,61,62,63,64,65,,
31,32,33,34,35,36,37,,,,,,,,
,,,,,,,,48,49,50,51,52,53,54
47,48,49,50,51,52,53,54,,,,,,,
,,,,,,30,31,32,33,34,35,36,37,38
,,,,30,31,32,33,34,35,36,37,38,39,40
,,,,,,,,,30,31,32,33,34,35
,,,,,,,,,,,31,32,33,34
,,,33,34,35,36,37,38,39,40,41,42,43,44
,30,31,32,33,34,35,36,37,38,39,40,41,42,43
38,39,40,41,42,43,44,45,46,47,48,49,50,51,52
,,,,30,31,32,33,34,35,36,37,38,39,40
,,,,,,,33,34,35,36,37,,,
33,34,35,36,37,38,39,40,41,42,43,44,45,46,47
33,34,35,36,37,38,39,40,41,42,43,44,45,46,47
31,32,33,34,35,36,37,38,39,40,41,42,43,44,45
33,34,35,36,37,38,39,40,41,42,43,44,45,46,47
46,47,48,49,50,51,52,53,54,55,56,57,58,59,60
,,,,,,,,30,31,32,33,34,35,36
31,32,33,34,35,36,37,38,39,40,41,42,43,44,45
,,,,30,31,32,33,34,35,36,37,38,39,40
,,,,,,,,,30,31,32,33,34,35
30,31,32,33,34,35,36,,,,,,,,
31,32,33,34,,,,,,,,,,,
37,38,39,40,41,42,43,44,45,46,47,48,49,50,51
,,,30,31,32,33,34,35,36,37,38,39,40,41
31,32,33,34,35,36,37,38,,,,,,,
,,,,30,31,32,33,34,35,36,37,38,39,40
,,,,,,,,,30,31,,,,
,30,31,32,33,34,35,36,37,38,39,40,41,42,43
38,39,40,41,42,43,44,45,46,47,48,49,50,51,52
,,,,,,,,,,30,31,32,33,34
,,,,,,30,31,32,33,34,35,36,37,38
30,31,32,33,34,35,36,37,38,39,40,41,42,43,44
,,,,30,31,32,33,34,35,36,37,38,39,40
,,,,,,,,30,31,32,33,34,35,36
30,31,32,33,34,35,36,37,38,,,,,,
,,,,,,,31,32,33,34,35,36,37,38
,,,,,,,,,,,39,40,41,42
52,53,54,55,56,57,58,59,60,61,62,63,64,65,
48,49,50,51,52,53,54,55,56,57,58,59,,,
,30,31,32,33,34,35,36,37,38,39,40,41,42,43
,,,,,,,30,31,32,33,,,,
32,33,34,35,36,37,38,39,40,41,42,43,44,45,46
46,47,48,49,50,51,52,53,54,55,56,57,58,59,60
,,,,,,37,38,39,40,,,,,
,,,,,,,,30,31,32,33,34,35,36
,,,30,31,32,33,34,35,36,37,38,39,40,41
31,32,33,34,35,36,37,38,39,40,41,42,43,44,45
41,42,43,44,45,46,47,48,49,50,51,52,53,54,55
,,,,,,,,,,,30,31,32,33
,,,,,,,,,,30,31,32,33,
,,,,,,30,31,32,33,34,35,36,37,38
,,30,31,,,,,,,,,,,
,30,31,32,33,34,35,36,37,38,39,40,41,42,43
32,33,34,35,36,37,38,39,40,41,42,43,44,45,46
35,36,37,38,39,40,41,42,43,44,45,46,47,48,49
55,56,57,58,59,60,61,62,63,64,65,,,,
30,31,,,,,,,,,,,,,
34,35,36,37,38,39,40,41,42,43,44,45,46,47,48
,,30,31,32,33,34,35,36,37,38,39,40,41,42
,,,,,,,,,,,30,31,32,33
,,,35,36,37,38,39,40,41,42,,,,
49,50,51,52,53,54,55,56,57,58,59,60,61,62,63
36,37,38,39,40,41,42,43,44,45,46,47,,,
36,37,38,39,40,41,42,43,44,45,46,47,48,49,50
,30,31,32,33,,,,,,,,,,
,,,,,,,,,55,56,57,58,59,60
,,,,,30,31,32,33,34,35,36,37,38,
,,,,,,30,31,32,33,34,35,36,37,
41,42,43,44,45,46,,,,,,,,,
51,52,53,54,55,56,57,58,59,60,61,62,63,64,65
,30,31,32,33,34,35,36,37,38,39,40,41,42,43
48,49,50,51,52,53,54,55,56,57,58,59,60,61,62
,,,,,,,30,31,,,,,,
,,,,,,,49,50,51,52,53,54,55,56
,,,,,30,31,32,33,34,35,36,37,38,39
40,,,,,,,,,,,,,,
39,40,41,42,43,44,45,46,47,48,49,50,,,
48,49,50,51,52,53,54,55,56,57,58,59,60,61,62
,,,,,,30,31,32,33,34,35,36,37,38
30,31,32,33,34,35,36,37,38,39,40,41,42,43,44
,,30,31,32,33,34,35,36,37,38,39,40,41,42
38,39,40,41,,,,,,,,,,,
,30,31,32,33,34,35,36,37,38,39,40,41,42,43
,,,,,30,31,32,33,34,35,36,37,38,39
,,,,,,,,30,31,32,33,34,35,36
45,46,47,48,49,50,51,52,53,54,55,56,57,58,59
,,,,,,30,31,32,33,34,35,36,37,38
,,30,31,32,33,34,35,36,37,38,39,40,41,42
,30,31,32,33,34,35,36,37,38,39,40,41,42,43
43,44,45,46,47,48,49,50,51,52,53,54,55,56,57
,,,,,37,38,39,40,41,42,43,44,45,46
,,,,32,33,,,,,,,,,
,,,,,,,,37,38,39,40,41,42,43
,,,,,,,43,44,45,46,47,48,49,50
,,,,,,40,41,,,,,,,
,,,,,30,31,32,33,34,35,36,37,38,39
,30,31,32,33,34,35,36,37,38,39,40,41,42,43
,,,,,,,,,,,,,32,33
32,33,34,,,,,,,,,,,,
,,,,,,43,44,45,46,47,48,49,50,51
,,,,,,,,,,41,42,43,44,
,,,,,,,,,,,30,31,32,33
50,51,52,53,54,55,56,57,58,59,60,61,62,63,64
,,,,30,31,32,33,34,35,36,37,38,39,40
32,33,34,35,36,37,38,39,40,41,42,43,44,45,46
,,,,,,,,,,30,31,32,33,34
,,,,,,,,,,,,32,33,34
46,47,48,49,50,51,52,53,54,55,56,57,58,59,60
