,28588.75977,51771.25781,21731.62109,18138.37500,38617.41406,30096.99219,20320.52734,41329.76563,,,43927.55859,40458.77734,50286.35547,66160.52344
,,,,,,,52630.23438,53257.37891,,,79511.50781,53818.29297,56750.76953,59152.66406
54515.14453,82059.65625,59477.98047,52924.93359,46025.45703,61122.80859,67667.42969,53175.31641,73134.47656,,,65709.98438,52282.00781,71948.66406,67359.40625
,,,,,29509.34766,66336.78906,58177.35547,57457.35938,,,55244.98047,79956.72656,55257.36328,54848.83984
95588.40625,,,,,,,,,,,,,,
88799.00000,137364.31250,92505.14063,78313.67188,101592.56250,105789.16406,84373.53125,84879.88281,104312.46875,,,87182.27344,78890.33594,85784.32031,73503.45313
,,,,,,,,11872.66797,,,,,,
51053.12109,59604.03906,52309.73438,57208.36328,59035.66797,93504.11719,73953.87500,66547.53906,124371.64844,,,,,,
11036.81152,58696.47656,88582.30469,97170.86719,82643.64844,99220.71875,89131.16406,78849.79688,64445.67188,,,65207.01953,38163.75781,66900.32031,28481.94727
,,,,82095.35156,68509.48438,64958.06641,69404.56250,75460.10938,,,67017.17969,88750.74219,60288.11719,70910.32813
,,,,,,,,,,,94219.41406,51172.93750,36098.69141,33232.43359
,,,,,,,,48590.04297,,,64193.13672,54027.33594,123486.30469,84621.32031
83299.14063,104667.52344,70968.84375,62706.82422,83152.30469,82093.70313,142354.46875,114086.09375,84720.07813,,,161258.45313,77713.93750,85496.58594,125552.52344
132323.12500,110787.77344,163563.92188,75601.29688,97067.32031,73170.46875,82801.90625,120002.25000,99385.31250,,,61133.65234,,,
78493.94531,88467.32031,99173.32813,137481.07813,144616.09375,112983.21094,126181.63281,174144.26563,154864.81250,,,,,,
117424.46875,81546.09375,91916.03906,97288.71875,61491.14844,81471.39063,88504.28125,59601.48047,75128.43750,,,75373.94531,90219.23438,58816.78125,84650.46094
45013.29297,61483.93750,60667.45313,59349.75781,61408.40234,67547.25000,74565.68750,80930.56250,73377.17188,,,48944.76172,80034.39063,82792.03906,73490.97656
,,,,,,,,,,,94156.17969,107414.42188,92129.73438,66104.76563
74129.84375,56828.32422,150059.18750,64837.06641,64187.87500,58485.54297,53679.63672,63485.27344,53330.56641,,,,,,
,,,,,,,,,,,66037.03125,48121.69531,77911.17969,70475.28125
71012.10938,49698.22656,54731.27344,52518.27734,59225.93359,48836.44922,142839.01563,68207.00000,65195.01563,,,36980.05859,33010.37891,68878.96875,47002.07031
73242.10156,64304.10156,61646.21875,52761.50000,50737.91797,54712.27734,64044.24219,41287.92969,71546.88281,,,73789.51563,52336.18359,64162.59766,47798.32813
,230486.60938,,,,,,,,,,,,,
54700.07031,70742.14063,43282.29688,85956.04688,106679.90625,67009.18750,70265.89063,67634.91406,62518.49219,,,81567.25000,96354.83594,97322.59375,81337.78906
33488.09766,40588.47656,34188.31250,36442.72656,32516.36328,46940.92578,48082.61328,41868.42578,63332.58203,,,64701.05469,55382.55469,48155.16406,48068.35156
,,,,,,65306.21875,92289.78125,67948.14844,,,63338.56250,65956.46875,77643.85938,93010.51563
71267.06250,54521.58984,70555.77344,62220.25781,41886.23828,53287.40625,57143.03906,63201.77344,61946.54297,,,,,,
154698.15625,167530.40625,134107.56250,157206.09375,110542.92188,100910.26563,62684.34375,124864.73438,59828.02344,,,101577.54688,106558.29688,112623.14844,84196.77344
,,,,,,,,,,,73653.33594,64084.99219,44058.20313,47506.30078
,,,,,,,121988.41406,84046.03125,,,72872.76563,76556.96875,92143.53125,66354.44531
66792.52344,81971.50781,88932.31250,76583.33594,84306.60938,70117.08594,77734.61719,71867.33594,73575.96875,,,78965.98438,79256.75781,86871.78125,80504.40625
100479.18750,69127.39063,70071.29688,73228.55469,49684.95703,52429.50000,67469.34375,55001.42578,57167.29688,,,47875.97656,62612.16797,75809.65625,87211.96094
71970.56250,48550.67188,72922.47656,42691.03125,45193.69141,45310.85938,52633.55078,51410.46875,51880.08984,,,70698.63281,50505.94922,65325.65234,
147595.15625,120260.36719,104023.68750,115276.89063,88016.50781,104149.75000,67554.20313,62048.47656,71137.29688,,,85394.07031,86554.56250,69409.13281,61993.11328
56174.98438,63842.69922,58856.33984,86216.13281,89789.63281,91427.50781,115159.86719,79254.86719,80080.12500,,,91460.21094,83014.35938,88129.14063,88129.98438
,,,,,,,,62296.31641,,,,,,
,,,,62712.14453,80530.89844,65767.66406,79031.30469,72739.38281,,,41911.33203,55619.94922,45248.93750,52607.75391
,,41740.92578,52614.98047,57628.25000,48537.10547,57199.03516,77323.15625,88596.50000,,,92506.55469,79863.36719,71837.32031,108543.96875
,,,,,,,,67990.34375,,,83545.68750,47916.58203,66652.46875,69903.89844
49406.65234,46864.97266,53899.55078,49585.55078,49390.87109,62410.72656,60110.71875,62097.90625,65857.72656,,,46143.37109,51905.03516,46896.53906,48997.81641
,,,,,,,,,,,30735.79688,34342.28906,47548.76953,68085.39844
53288.37109,48085.17969,44759.40625,41169.14844,62825.82422,60473.24609,56325.45703,60855.42969,56610.71094,,,65842.46875,63026.92188,55303.80859,94927.42188
,,,,,,,,,,,68731.72656,48877.17188,73320.09375,61112.25781
32028.45898,44021.75000,51929.59375,70988.54688,51569.22656,57069.13672,43410.81641,79488.53906,44250.68359,,,67661.55469,37695.15234,54828.81250,51671.42578
,32889.99219,60861.46484,31985.66406,43650.47656,42324.44141,41265.05859,49154.41797,50256.15234,,,48320.08203,79062.36719,54669.56250,56627.88281
97644.53906,89890.64844,54993.71484,117125.17969,96264.27344,59461.30859,73538.43750,78835.89063,110372.58594,,,76005.76563,79989.75000,92894.74219,80875.70313
74629.21094,66759.53125,149408.89063,138585.12500,,,,,,,,,,,
,121845.05469,106477.53906,122180.87500,102722.19531,96372.57813,129329.13281,117079.39063,115554.70313,,,167861.78125,136080.39063,133298.64063,154953.31250
,,,,,,,,,,,,87604.99219,88204.56250,
76636.67188,70535.52344,68884.94531,80658.33594,58403.21875,57235.10156,110926.58594,66385.27344,55128.61719,,,118294.89063,105287.72656,67785.50000,111582.17969
,,,,,,189413.84375,140030.31250,115232.15625,,,145800.23438,175060.75000,122647.14063,137363.92188
55270.96094,66860.84375,73614.57031,81692.03906,45125.98828,75750.90625,81024.85156,67357.41406,56425.19141,,,64793.98438,93338.75781,63471.28906,132564.87500
96369.90625,94122.32813,122883.17188,139412.17188,130629.68750,86657.64063,76364.97656,38545.37109,109098.15625,,,137611.59375,52354.10156,67336.28906,81644.21875
,96141.60938,,,,,,,,,,,,,
79488.38281,75471.33594,63630.01563,86502.98438,86777.88281,89077.71875,81260.48438,67743.61719,64156.96875,,,57843.37109,65722.82813,41884.80078,88002.57813
76116.31250,126526.50781,73786.35156,92556.23438,86186.70313,84464.66406,114016.37500,76445.42188,78238.27344,,,68373.59375,83723.79688,93770.76563,93617.60938
38536.00000,53701.91016,41038.45703,32614.06641,41863.35547,51694.83594,60918.60547,41899.26172,68111.31250,,,,,,
,,,,,,,,87054.40625,,,,,,
,,,,,,,,,,,66552.10938,73849.00781,44217.19141,61970.76953
75327.24219,70050.71875,79360.82813,91858.11719,65450.68359,68453.38281,59977.64063,98811.75000,82770.95313,,,90303.16406,84925.86719,72933.67188,
112024.03125,85335.13281,97599.01563,92504.96094,80789.21094,109706.42188,59589.71875,95770.81250,84909.83594,,,68002.21094,90851.42188,69428.46094,70234.14063
,65733.92188,67453.64844,87408.63281,98454.11719,94366.71094,92736.03125,109096.28125,81658.85938,,,77341.29688,142624.21875,122419.50781,139235.84375
,,,84538.39844,116146.34375,125838.65625,,,,,,,,,
,,,,58442.16406,64370.49219,53120.06641,75948.23438,107997.23438,,,81062.41406,108120.17969,65189.54688,67352.21094
94293.75000,81334.60938,75863.53906,80857.27344,69034.30469,97879.02344,96625.74219,107530.55469,91089.39844,,,72276.98438,86241.37500,65061.35547,
,,,53053.28906,67024.53125,64202.50391,67177.21875,70809.42969,81459.58594,,,68979.02344,76967.58594,,
,,,,,87905.44531,90384.84375,,,,,,,,
85774.17188,98007.17188,80575.53125,125517.32813,104452.83594,103379.36719,70500.62500,59184.99609,198785.12500,,,36147.30078,48059.96484,,
121985.50781,147310.39063,79352.96094,73354.15625,56239.79297,49754.42188,57563.98438,39448.91406,,,,,,,
74340.60156,,,,,,,,,,,,,,
75095.49219,73305.34375,107336.50000,91316.06250,103169.88281,92593.39844,82170.46875,75090.47656,92812.30469,,,67823.58594,66540.75000,82369.59375,98527.38281
84256.69531,86008.44531,81833.64063,75964.96875,64578.75000,72854.97656,62799.28516,74858.67188,66598.20313,,,47302.50000,68420.10156,57640.12109,90153.86719
,,,,,,,113234.21875,122782.19531,,,82783.27344,108945.83594,106568.66406,90356.65625
,,,75796.64844,67430.36719,76047.02344,51335.41406,64663.73438,66513.02344,,,74375.70313,37215.40234,72652.58594,70927.90625
,91457.59375,84654.25781,77685.85156,66101.23438,91029.73438,61854.57031,79540.55469,67156.14063,,,64486.12891,33767.00391,88534.33594,59318.57813
,45983.38281,72545.82031,48209.15625,75830.04688,53031.38672,69634.28906,55058.94531,89946.89844,,,103022.30469,96100.26563,127891.78125,93465.15625
46694.77734,34691.97656,41000.98047,53360.94141,37768.08984,58004.12109,63169.47656,57524.19531,47790.30469,,,104744.91406,71632.83594,46821.64063,62462.89063
,,59723.01563,66266.22656,103633.05469,77498.49219,60549.19141,60695.98047,74043.21875,,,,,,
60212.73047,85773.43750,65047.76563,97146.03125,70479.37500,72341.94531,52352.65625,62257.65234,79328.36719,,,77146.52344,174601.40625,121832.50781,191532.76563
,,,,,,,,,,,,,171373.79688,86561.66406
74757.21875,65557.32031,70734.71875,82342.02344,69924.70313,118857.59375,100787.35156,53450.83594,72447.36719,,,47993.50781,119634.87500,92204.44531,83822.53906
71240.49219,53322.32813,81825.92188,73249.78125,64800.03906,64642.27734,46993.42188,51849.37500,46448.14844,,,55227.70313,55692.98438,51300.22266,46658.36328
82628.91406,79573.40625,77485.18750,106315.89844,96979.60156,63624.43359,76991.66406,71049.70313,58832.15234,,,68340.40625,100524.71875,100342.64063,65271.66016
88898.05469,58415.80859,126436.76563,61321.20313,73882.96094,75523.32031,67723.39844,105474.15625,73283.60156,,,299823.28125,195201.09375,127758.17969,70420.85938
102516.77344,122569.27344,89625.88281,125459.40625,26734.88672,92839.65625,77792.60938,124356.10938,113292.11719,,,138257.09375,93044.75781,45746.87891,67430.62500
,,,,,75692.98438,60610.54688,60164.28516,60083.83984,,,64485.14453,80723.97656,82014.90625,61306.52734
,,,,,,,,,,,57086.77344,63508.22266,79934.46094,75573.61719
36712.19531,66603.15625,58240.97266,,,,,,,,,,,,
142335.73438,126869.29688,99228.48438,137779.68750,121759.67969,116778.97656,84607.60156,108661.21094,87157.57813,,,91433.43750,73606.35938,46178.45703,107674.42188
73449.50000,126306.00000,87333.30469,57097.00781,109109.91406,75443.56250,41005.39844,82905.89063,104786.37500,,,,,,
143033.67188,111577.17969,133181.73438,168732.98438,231162.85938,152862.78125,103010.21875,118269.39844,111246.84375,,,88746.85156,144988.53125,87005.27344,99533.94531
68390.87500,60149.65625,42838.62500,79486.26563,78819.04688,80631.72656,39374.94141,98078.60938,68973.82813,,,76998.12500,101240.02344,91635.78906,74911.30469
62166.58203,47036.42188,47451.28516,40919.18359,95926.57031,30264.41992,82745.22656,34821.84375,59654.36719,,,19017.75781,50715.90625,86204.62500,36845.51563
,,,,,,,,,,,37514.72656,60323.08594,68978.75781,91234.84375
90616.14844,78600.68750,81890.39844,76667.81250,95259.78906,76908.96094,59144.53906,79050.53125,66370.20313,,,79759.47656,37420.92969,81308.70313,64415.13672
39822.97656,44987.97266,35078.92578,42942.03125,52461.91016,65313.32031,42306.72656,37254.21484,39765.25391,,,41905.17578,47081.57031,47971.22266,49647.11328
,,,,,45997.89844,70098.03125,50137.33594,52198.55859,,,60437.73047,90292.57031,57262.73047,128735.88281
,,,,,,,,,,,,48391.65625,57520.41016,107956.35156
86654.25000,88802.21875,95470.51563,99928.17969,57597.53516,89677.18750,108550.39063,84999.44531,69001.65625,,,46441.58984,106757.76563,75105.30469,79340.85156
42777.59375,33558.49609,83738.40625,67167.73438,66570.32813,78538.94531,56960.39063,68778.80469,80119.38281,,,58774.78516,80300.98438,35278.27344,49910.49219
77514.23438,58073.75391,64508.76172,70835.16406,72076.89063,74420.54688,68064.17188,80907.10156,90950.94531,,,80701.03906,103543.94531,74640.89063,87605.75000
,,,,,,,129732.08594,84575.97656,,,50790.73438,52798.69922,73030.27344,33516.53125
101836.23438,102728.56250,99184.77344,52405.10547,107844.60156,114659.60156,94638.97656,122108.76563,149219.07813,,,84962.96875,73951.40625,211633.12500,183241.95313
58337.58594,56322.23438,,,,,,,,,,,,,
145713.50000,151799.65625,163970.45313,253008.48438,215521.53125,222812.93750,276379.59375,123795.94531,240407.79688,,,248684.34375,256080.48438,347661.81250,272536.46875
,,,,,,76651.14063,76174.91406,85997.61719,,,95764.68750,88837.79688,100631.95313,70602.14844
,,,72881.38281,62835.35156,74710.60938,85326.25781,70312.82031,78391.00781,,,72450.41406,139941.39063,96408.51563,67334.42188
,,,,,128814.24219,137427.34375,141637.03125,110999.81250,,,64560.76953,95569.89844,69275.02344,
60476.93750,83732.65625,78868.00000,65117.40625,65962.00781,60135.03125,61952.86719,59600.74219,63185.80469,,,225062.17188,71195.67188,61545.41797,58901.48438
65501.38672,59682.07813,75486.16406,78592.36719,81113.37500,104137.43750,154690.48438,116711.50781,117832.35156,,,,,,
87504.21094,86672.35156,70557.12500,93913.50781,111376.56250,51173.66797,149718.68750,82855.46094,42448.46094,,,83528.40625,66850.82813,69872.10938,53842.62891
,,,,,,,,,,,65623.00000,63773.87500,49696.75781,41984.82031
50259.31641,90859.74219,89261.91406,78589.14844,151800.53125,129592.35938,65997.49219,170820.64063,100778.79688,,,79428.67188,120119.15625,122722.72656,104631.29688
,57137.42578,53700.83594,55449.35547,63170.73828,48315.79688,73120.38281,80449.38281,82397.64063,,,71628.05469,73781.92188,71468.25781,116242.30469
,,,,,,45760.31641,69277.33594,96349.60156,,,78541.49219,65636.70313,80133.98438,69082.25000
58173.19531,70208.02344,63728.39844,55272.59375,76129.09375,71029.64844,50242.25391,81088.16406,115430.46094,,,145151.09375,137765.35938,201633.25000,151373.48438
94580.69531,78571.31250,101004.81250,75961.27344,86623.76563,89192.39063,85124.45313,84317.62500,81965.32813,,,107834.52344,76812.27344,68941.66406,74647.36719
43318.17969,59752.92578,52086.62109,58316.33984,58958.52734,71150.19531,58519.79688,78752.32813,61764.91406,,,79407.24219,60015.68750,38796.33594,68198.53906
69341.25000,60658.77344,66066.45313,112743.93750,60532.33203,56318.74609,57940.48828,65184.01172,68881.99219,,,86106.10938,87635.49219,80583.14063,82872.37500
159379.57813,82531.57031,90095.42188,84271.39844,85633.92188,147156.07813,50798.05078,102479.82813,112292.92969,,,99045.63281,134737.37500,108219.52344,50211.59766
54049.23828,66773.22656,62037.58984,,,,,,,,,,,,
88244.35938,92344.98438,103642.34375,56638.03906,73895.14844,83572.78125,65419.16797,59005.66797,72593.02344,,,63139.48047,66961.28125,68022.89844,170444.57813
,,,49595.71875,69074.93750,52055.63281,48608.95313,55008.19531,67903.71094,,,48643.55078,56730.74609,,
,,51905.33203,54002.81641,95510.40625,113034.94531,79065.45313,36068.58203,61415.37109,,,40676.12891,53897.64844,62552.90234,62046.82031
,,,,,,,,,,,28560.33594,37726.26172,42323.95703,49546.31641
74355.91406,69475.75781,64063.11719,62985.46094,41575.10156,45042.49219,54414.73828,45097.46484,40043.89844,,,106384.05469,75378.54688,84619.62500,
,54608.44141,57828.81250,52856.08203,57282.17188,49863.15234,57666.45703,61593.44922,43311.07422,,,46653.73828,44733.11719,56698.62109,66849.04688
53303.71875,41780.15625,45598.56641,40248.15625,40691.87891,26813.01953,49829.78125,,,,,,,,
,,,,,,,,27487.56445,,,89022.25781,31049.56055,33210.16016,34797.94141
63331.25391,47937.24219,85977.68750,34604.90625,92272.61719,62204.47656,111124.58594,114831.40625,,,,,,,
66599.85938,77958.37500,129147.70313,118392.96875,71928.63281,54131.51563,56915.37500,62224.58984,53096.61719,,,74127.50781,95764.23438,43265.82813,47291.04688
68001.95313,76397.60938,96384.71094,122124.60938,84071.60156,82224.32031,85315.92969,92129.91406,,,,,,,
,46255.46094,49373.72656,49158.26172,43983.26953,45524.87500,58649.25000,69390.20313,170617.62500,,,46871.58984,81631.14063,96953.33594,81831.22656
33253.57813,107518.55469,88906.87500,90731.76563,88805.01563,67915.42969,68374.37500,44102.21875,47590.00781,,,95429.28125,99527.01563,44333.30469,48757.98828
125402.22656,132447.85938,108395.21875,99354.23438,86082.95313,107772.32813,93192.71094,108220.03906,90074.80469,,,60256.33203,58868.07422,111402.38281,52885.67969
,,,,,,,,,,,88794.42969,79255.47656,77888.52344,66256.36719
32937.26563,31637.81055,69011.00000,90483.93750,73250.76563,74341.24219,58067.60547,47248.39844,148380.98438,,,59840.69141,74298.35938,73509.13281,93998.71875
58473.16016,61591.92188,58844.32813,51218.14844,71083.04688,50985.44141,62695.64063,48644.61719,47911.19141,,,60489.57031,70036.68750,56088.58594,55703.07422
53776.68359,55692.61328,50783.42188,53255.70313,62461.10156,71143.94531,51004.45703,67458.53906,87915.25000,,,87332.05469,93168.35938,84668.14063,68694.89844
44047.11328,54515.19531,59818.83594,62680.03906,66436.12500,48834.86719,65913.21094,,,,,,,,
,,,,,,,,,,,112042.08594,87271.03125,71201.71094,60467.48047
76749.30469,71518.91406,103656.08594,96326.90625,95057.42188,114225.76563,113395.45313,,,,,,,,
106027.93750,110956.74219,72301.25000,107853.85938,89078.05469,99795.99219,137204.96875,68877.26563,,,,,,,
63528.87891,50219.30859,54742.13281,99001.05469,27291.39844,76379.61719,59973.57813,,,,,,,,
,,,,,,,,54117.73438,,,101102.14844,85940.06250,139308.10938,118558.15625
,,,,68667.45313,84199.66406,67915.82031,42226.63281,53821.73438,,,,,,
,,,,,,,,,,,57583.53125,66119.01563,58460.39063,82065.36719
,,,,,,,,79163.76563,,,76280.90625,85584.52344,67824.42188,88850.92969
57726.92969,106186.39844,66308.96094,39515.85938,35864.11719,61727.87500,58390.57422,61042.88672,84062.30469,,,83106.96094,72771.16406,76548.57813,92822.57031
66254.72656,63271.78906,56874.57031,88431.38281,51855.90234,52846.60547,70156.88281,53744.53906,,,,,,,
,,,,,,,,,,,62209.75781,55492.84375,48244.15625,58680.85938
218421.46875,,,,,,,,,,,,,,
112534.14844,53774.17188,60901.70313,59108.22656,77595.44531,76134.46094,26900.05078,24734.95117,131085.18750,,,46288.51172,,,
93692.72656,79251.69531,55600.11328,116503.21875,98025.49219,68301.64063,101935.73438,156158.50000,65990.57031,,,64920.41016,124284.14063,88617.03125,101187.71094
135706.50000,76536.89844,60335.62500,59739.25000,49790.40234,47431.51563,35145.49609,48934.96094,55778.82813,,,52195.62109,44390.33594,47433.46094,45459.36328
67401.82031,66309.21875,85866.32813,86051.92969,100987.96094,90821.36719,77076.51563,64484.16016,97685.79688,,,72937.07813,64332.01172,79471.85938,72070.97656
67929.42188,70842.12500,93160.10156,74862.09375,63002.76172,90427.00000,66967.53906,96104.48438,81207.42188,,,70346.35156,82457.30469,60170.02344,79647.81250
,66421.81250,100171.49219,67270.17188,70126.11719,66599.21875,956075.06250,99370.90625,78033.05469,,,109086.18750,99358.21094,100301.11719,135716.20313
,,75599.13281,85583.29688,77726.39063,103385.67969,75967.79688,74683.32813,84498.42188,,,102243.39063,168302.10938,122778.33594,154373.78125
,41366.20313,,,,,,,,,,,,,
108715.00781,138181.68750,102861.00781,82791.40625,100441.63281,71824.99219,88704.03906,111580.47656,85302.01563,,,81987.21875,53234.22266,102079.71094,111943.71875
46359.81641,44076.94922,64692.04688,87960.70313,64177.28516,127581.87500,89828.60156,139067.70313,99833.78906,,,84949.19531,45173.13672,64294.66016,79325.71875
,,69786.33594,73891.06250,68430.67188,48185.62109,62665.51563,75898.71094,73255.30469,,,81411.89844,84236.36719,57391.15234,62755.64063
,,,,,,,,64602.95703,,,,,,
77066.96094,58119.79297,48263.98828,71065.49219,77096.95313,78561.26563,89562.91406,97387.39844,65762.89063,,,83062.66406,153152.71875,96810.86719,65851.38281
,,,,,,,,,,,,49494.88672,48462.68750,41693.46484
,,,,,,93362.35156,83717.80469,81344.60938,,,70828.00781,54129.39844,85280.38281,86024.92969
117174.45313,44324.93359,43633.28906,42625.57422,44339.26953,38378.51172,43879.19922,50336.10938,43303.55859,,,39447.29688,36396.25391,42910.71484,55392.06250
,,,,,,,,60986.38281,,,51255.03906,38573.39063,47221.32813,60191.25781
,,,,,,,,,,,66388.11719,110435.44531,77631.11719,36696.23438
113683.15625,87236.32813,165778.01563,104487.00781,123647.03906,94248.98438,69140.84375,86143.14844,71726.14844,,,50869.84766,52122.39844,60039.96094,61924.27734
,,,,,38174.46094,46134.13281,66059.45313,88712.15625,,,81673.34375,84194.52344,95275.78125,97072.68750
,,,,,,,,,,,,,24518.24805,15944.53320
,,,,,,,,,,,54269.26953,71872.33594,,
,,,,,,,,,,,52040.79297,,,
67996.76563,68559.28906,60015.28906,69139.25781,73373.88281,80365.17969,54035.32031,60432.37109,103445.25000,,,,,,
,,,,,83949.17969,151664.65625,67489.42188,54222.14063,,,57076.86719,43651.93359,30798.23633,41060.57422
78755.48438,92045.07813,100301.78125,69743.21875,68657.23438,57158.68359,84417.47656,64275.46875,46844.33203,,,,,,
,,,,59016.86719,99187.51563,74104.89063,74268.82031,65925.71875,,,118559.85156,108283.52344,111326.86719,110767.70313
67899.75781,48594.53906,78198.51563,67835.93750,44889.57031,47077.75391,45150.01172,36235.79688,31004.34766,,,80151.78906,42189.67969,45726.37891,59505.89453
,,,46427.15625,48740.23047,54099.20703,49084.94531,49474.35938,38837.16406,,,40609.38281,50697.04688,47939.20703,73769.04688
63044.59375,66746.86719,77652.66406,78178.15625,59170.54688,62424.89453,48347.00391,44273.60547,86106.27344,,,63318.75391,47391.09375,44965.62500,36924.58984
,,,,,,,,55532.97266,,,52251.84766,41363.16406,41298.01172,47462.37500
120195.35938,143591.70313,113761.67188,130459.62500,143372.76563,109500.29688,132034.20313,111287.06250,98801.66406,,,95302.95313,147518.87500,122624.68750,124440.34375
137249.73438,190219.93750,116578.46875,120376.49219,160497.01563,116994.45313,196756.84375,206599.57813,92182.28906,,,144432.78125,112294.85938,90827.60156,75742.23438
,,,,,,,,87030.50000,,,80207.83594,77791.35156,82060.28125,67472.30469
,,,,,,,,70246.19531,,,51142.39453,56741.40625,45674.82031,49807.59375
48651.94531,53791.09766,64415.62500,53877.66016,57670.25391,62829.35938,84537.67969,130537.40625,98453.92969,,,,,,
,,,,,,,45050.87109,46347.74609,,,56896.48828,40405.87500,75121.13281,61558.56641
102742.86719,77310.76563,125978.78906,89377.92969,109289.76563,160085.34375,121854.58594,192877.07813,,,,,,,
,,,,,,,,,,,34342.09375,54475.33203,70975.00781,73087.13281
,,,,,,64976.46484,76742.93750,61621.00391,,,58799.00391,72198.44531,71087.72656,99162.54688
,,,,,59633.43359,62513.90234,91492.66406,58842.75781,,,49788.92969,63302.32813,36144.67969,37428.81641
,60294.09766,56953.60156,48815.67969,55907.49219,57427.06641,57863.39844,75203.56250,61006.68750,,,78403.04688,65758.94531,54593.33984,45406.24219
67937.84375,72252.92969,80131.84375,59410.63281,98672.28906,,,,,,,,,,
,,,,47186.66406,61567.42969,55777.76172,87759.52344,93863.72656,,,89985.76563,56692.72656,97938.96875,146399.07813
63653.92969,127746.48438,76693.32813,72719.33594,72684.18750,88832.54688,85547.88281,78901.92969,61830.74219,,,56978.64453,,,
84030.72656,85881.56250,80158.21094,86222.71094,57710.96484,56618.64844,31558.31641,59938.07031,57097.17188,,,91918.84375,64309.55859,80416.09375,66671.41406
68829.39063,75135.46094,66023.93750,83109.81250,38617.92969,54011.05469,100954.06250,76862.46875,76711.76563,,,103352.85156,76198.60156,47977.99219,69756.12500
,,,,,,,,,,,66385.58594,53039.22656,83013.40625,56292.10938
,,,,,,,,,,,,35149.82031,42572.02734,54986.53125
,,,,,,,76135.91406,84938.75000,,,,,,
,102482.75781,88322.32031,84743.67188,79601.03906,135804.50000,119973.41406,105038.50781,107333.83594,,,66319.58594,68206.41406,58420.20703,66301.05469
56116.24609,55801.01172,78424.95313,40732.02734,49340.77734,40407.80078,44903.40234,47807.85547,78156.01563,,,54089.76563,57004.57031,58616.48438,67776.57813
,,,,,,,,54643.96875,,,72511.72656,63433.04297,75181.83594,59588.23828
80253.13281,78718.60938,81536.84375,57844.91797,55068.55469,51324.25000,61993.76563,79048.26563,80515.00781,,,57070.28125,106561.34375,61881.76953,61689.73828
68506.87500,99051.86719,67322.03125,104563.06250,161819.21875,,,,,,,,,,
,,95639.46875,80533.66406,105487.63281,82660.99219,59486.71875,71172.10938,72482.13281,,,52374.47656,72639.07813,87167.80469,
78384.57813,67456.86719,76164.02344,61893.57422,47723.90234,94688.99219,79814.56250,85420.21875,83255.06250,,,111751.92969,72548.65625,78875.74219,49419.14063
81799.39063,101961.59375,85450.28125,78730.47656,73433.39063,74524.38281,69471.05469,77978.22656,76742.71875,,,161165.43750,,,
,,,,,,74392.09375,53975.88672,59791.63281,,,95281.68750,57924.85156,153061.01563,97274.15625
31303.89063,29651.89258,36254.28906,42092.94531,45103.35938,28230.64063,32980.51563,35654.45313,31182.23438,,,33383.89063,51278.89844,58352.89063,33016.29688
113570.45313,130185.70313,111771.00781,135377.14063,116314.27344,116001.00000,127522.14844,184902.25000,119940.81250,,,111735.30469,145967.75000,72306.14844,120748.21094
54633.28516,70123.30469,94484.40625,77455.18750,70443.76563,83132.56250,72466.57813,57125.55078,44438.49609,,,70176.49219,65496.64063,52546.93359,98041.85156
88792.31250,113082.70313,,,,,,,,,,,,,
86161.14063,34865.27344,116724.97656,174000.00000,87415.79688,88475.25000,86322.42969,77948.26563,103890.53906,,,105762.03125,59967.11719,71342.95313,72198.03906
,,,,,,,,,,,57980.44922,42093.94922,58348.76953,69713.35938
,36820.78516,48820.71094,62088.25391,68424.60156,118894.21094,68328.15625,51849.72266,105666.65625,,,115661.64844,106421.09375,58611.67578,57048.24219
,,,,,,91779.39844,83423.71875,118166.46094,,,91171.08594,86561.99219,74523.95313,59949.96094
,,,,,,,,,,,40701.11719,66961.53125,75370.14063,84625.43750
45154.78906,136706.95313,67457.37500,56285.13281,66089.70313,59074.41406,52173.02734,102079.03125,112822.24219,,,,,,
,,111856.63281,145540.73438,129536.50781,137359.85938,138005.34375,108377.53906,,,,,,,
,,,,,,,,,,,100907.28125,107673.50000,98333.25781,87949.63281
89291.36719,48520.81641,73318.41406,66675.92969,51753.68359,73795.85156,79354.25000,102365.53906,83714.05469,,,78824.31250,58027.08203,58091.64453,57064.56641
,51086.04297,60667.74219,58688.35938,50818.16016,55803.94141,77053.36719,95692.20313,64978.20313,,,92811.14844,73272.42188,68944.82031,56011.02734
64878.13672,98616.68750,83176.50000,80020.42188,109090.55469,103944.94531,92676.09375,98136.99219,93333.24219,,,81731.00781,83719.48438,80468.02344,80163.78906
,,,99618.27344,81464.86719,69816.28906,166013.43750,83070.90625,59781.14063,,,62974.46875,,,
124222.75781,110599.12500,107235.10156,128299.43750,104663.92969,175741.73438,96718.30469,102469.27344,91023.92188,,,101170.24219,61589.04297,42517.82031,66531.67969
77048.36719,,,,,,,,,,,,,,
174046.81250,193237.95313,149997.81250,119917.35938,202502.93750,176381.28125,152221.81250,139652.21875,154659.35938,,,134709.89063,133578.21875,148127.32813,175300.82813
,63304.74609,70961.94531,70610.57031,90010.05469,95431.64844,82623.47656,78258.86719,54174.27734,,,61994.47266,94307.96094,37098.32031,53442.93359
74905.58594,117257.84375,115105.18750,107347.65625,116637.07031,74866.30469,113535.91406,87391.87500,100600.38281,,,94390.47656,146074.68750,99750.13281,123787.56250
83635.13281,94521.53906,67754.60156,109885.89063,67576.75781,98956.12500,144881.00000,116525.55469,87807.16406,,,,,,
,,127638.82813,146550.92188,112134.76563,94370.67188,,,,,,,,,
,,,,,,,115276.22656,82468.78906,,,96684.18750,113988.10156,57652.98438,119074.40625
60002.98438,54880.33984,53146.36719,51456.03906,52733.78516,48429.23438,58916.31641,91537.35156,66158.75781,,,83821.98438,81454.53906,,
101762.83594,124502.07031,109737.70313,76895.10156,137578.26563,75621.19531,120348.25000,94447.74219,116370.19531,,,131325.43750,89134.05469,65817.10156,169405.98438
,,,,47034.40234,51627.19141,56778.32422,45334.76172,29440.31055,,,51608.04297,42038.91016,39505.98828,72976.32031
,,,,,,31073.10938,34336.82031,44331.40234,,,29883.83008,48643.45703,45008.87109,38741.80078
111729.97656,43657.97266,92501.60938,100856.48438,81913.75781,87088.86719,72928.17188,82054.96094,94706.60156,,,27852.24219,77686.00000,114782.14063,69829.60938
53577.80859,61521.23828,73479.34375,62990.92578,85803.62500,63722.26172,61702.09375,46706.22266,52553.54688,,,52970.83203,58792.94922,92521.64063,76211.10156
,,,,,,,98633.33594,81625.92188,,,56612.60156,50030.91797,55362.96484,42006.04688
60337.12109,44615.44531,80520.38281,76242.14063,78821.45313,85128.26563,90267.68750,88395.46875,119575.56250,,,105226.00000,133686.29688,112532.32031,92689.70313
42514.17188,77211.14844,39959.74219,70135.81250,69265.37500,43527.22266,43295.87891,67244.07031,42445.91016,,,,,,
46563.14844,77382.39063,51136.39453,50588.28125,50066.52344,74683.32813,63571.36328,65605.35156,83299.93750,,,52055.13672,74228.67188,71824.10156,94956.12500
,,69205.95313,75415.07813,67164.21094,72787.67969,61180.31250,66200.15625,29735.51758,,,33912.51953,36774.98828,34035.31641,44409.94141
143033.67188,127962.17969,92598.70313,110927.96094,136687.14063,148874.09375,136784.54688,158769.73438,182901.67188,,,186579.71875,164452.79688,133904.35938,176988.89063
,51500.61328,67891.53125,130145.10938,138225.18750,103606.86719,114984.50000,103822.00000,111204.09375,,,181266.09375,125453.78125,134309.14063,137975.60938
,,,,171438.03125,136762.89063,133666.53125,160125.79688,128396.25781,,,118917.45313,84095.10156,65126.16406,123253.23438
,,,,,,,50743.72266,83318.04688,,,78518.27344,66577.06250,75865.71094,75642.11719
,,,,,,,50190.33984,49064.49609,,,74643.16406,64925.79688,56704.73047,51021.92188
,,,,93822.73438,88015.75000,82067.40625,98674.82813,71206.67188,,,143188.70313,90004.39063,55307.44922,98920.17969
48062.98828,56700.29688,,,,,,,,,,,,,
132589.65625,86292.46875,90519.14844,87861.02344,89970.66406,106973.21094,94852.03906,93944.67969,80987.07813,,,59839.09375,53229.14844,60407.19141,26954.46680
,,,,,,,,,,,68605.98438,57231.82813,,
85201.60938,157248.98438,,,,,,,,,,,,,
87507.80469,69927.03906,83009.60938,99631.57813,84099.50781,85524.63281,75885.10156,68813.64063,70627.07031,,,89051.97656,71064.75000,,
62729.97266,67642.71875,31005.44141,30389.94141,58451.35938,68406.00781,41770.59375,53422.60156,57742.07031,,,88559.75000,23609.59375,97987.45313,69253.48438
85768.60938,75325.58594,61319.91797,61182.41016,92552.43750,103789.92188,94089.66406,75383.79688,78808.29688,,,,,,
,,,,,,,,,,,76218.51563,94228.67188,71094.84375,83819.50781
,,,,81481.57031,95928.76563,40313.07422,88912.13281,114490.02344,,,127858.00000,166561.98438,110552.30469,171256.96875
40672.55859,52364.58984,42873.69531,61708.56641,46706.35547,55247.24609,46337.98047,55412.24609,42392.99609,,,49532.66406,32932.55469,44499.85938,43950.10156
78864.99219,127866.53906,98494.12500,98448.67188,15890.17383,122872.03906,109476.38281,135700.40625,101814.96875,,,92062.54688,85859.69531,87295.00000,90190.58594
45839.11328,42214.95703,41882.32422,45764.67969,46770.23047,41660.99219,33257.54297,36546.71875,56803.23828,,,31487.91016,41908.13281,45165.42578,38657.28125
78684.16406,83591.19531,74769.69531,73184.42969,71717.53125,85477.99219,79141.27344,89176.65625,114815.64063,,,85239.32031,77088.35156,69958.45313,92326.66406
87768.64844,76334.83594,66762.78125,78519.47656,86929.38281,79381.19531,97946.62500,109413.75781,79586.00781,,,80184.20313,70618.51563,92975.57031,60710.97656
,,94119.10156,74212.53125,60853.86328,102854.03906,79459.42969,72759.29688,130728.51563,,,137438.48438,80642.79688,88720.28125,121051.90625
,,,,,,,57987.25391,63366.65625,,,91742.37500,52597.26953,53771.76172,65610.85938
,,,,,,,52738.35938,59374.26953,,,112715.12500,,,
,,,,,,,52479.77344,72028.03125,,,72728.07813,106740.65625,77115.56250,44071.65234
,,,,,,,,,,,,,,
,,,,,,,,,,,43174.44922,53932.09766,118240.86719,74022.17969
47462.51172,43141.44141,56815.80469,55851.11328,50947.82031,47631.19141,43055.57813,46476.81641,101475.30469,,,78683.64063,,,
,,,,,,,69053.19531,107295.14844,,,97910.76563,59849.82031,72056.82031,82654.92188
48752.22266,41140.06641,30542.10156,47555.84375,42687.00000,53313.88672,52266.30078,44617.74219,63520.21484,,,,,,
,,,,,,,,,,,41736.78906,54193.29297,72746.04688,62808.75000
,,,,,,,,,,,33862.23438,41700.78125,58391.74609,41854.69141
103487.28125,111473.47656,87098.50000,115303.71875,88994.50000,89691.98438,151937.10938,60026.67969,79901.38281,,,153961.07813,96772.18750,111025.11719,105914.03906
89886.70313,61970.47656,58708.73438,63753.56641,55741.71094,57299.32813,76567.12500,100190.60156,86505.87500,,,76768.33594,92670.52344,,
,,,,,61705.50781,46370.47266,46802.04297,43903.64453,,,52239.34375,53993.33984,77520.36719,79084.53906
,,,,,,,,,,,66535.80469,75628.55469,55531.17188,81681.05469
102619.57813,107213.42188,76119.86719,83916.52344,101196.68750,114243.74219,126565.12500,100196.14063,124558.83594,,,61004.70703,79372.03125,106169.39063,61431.30469
80966.92188,42626.95703,45044.55469,37948.03516,79481.56250,76353.68750,50168.61328,46635.36328,96835.70313,,,81349.81250,27565.58203,93641.71875,82021.24219
,,,78857.76563,77418.56250,63313.25781,68198.28125,57007.45313,56216.62891,,,47864.05859,59767.34375,37660.04688,60084.12500
127900.92969,143931.85938,123678.17969,87573.42188,106158.45313,112987.19531,102568.60156,124261.14844,171728.15625,,,150929.51563,135333.62500,151871.04688,140318.65625
,,,,,,,95402.98438,89731.16406,,,62715.73438,102841.48438,95104.21094,102103.66406
108969.94531,97564.76563,126416.99219,89954.96875,122355.31250,98089.83594,93089.40625,44185.66016,83149.68750,,,74078.60156,61364.26172,72138.50000,76625.19531
63236.86328,68699.74219,56621.45703,93726.06250,67094.75000,119850.47656,115915.73438,70207.41406,,,,,,,
,69145.85156,68460.10938,118080.17188,70942.32031,64796.14844,90724.75000,87603.32813,82389.23438,,,,,,
,,,,,,,,,,,94219.41406,72670.88281,71793.07813,67671.62500
46634.56641,42973.00000,56701.70313,76723.54688,69436.93750,86284.48438,80461.19531,67648.71875,70993.41406,,,59357.23047,127706.16406,45142.47656,58569.93750
86601.78906,68745.16406,72793.16406,89791.94531,75708.86719,53816.80469,81906.96094,73901.91406,80161.95313,,,52495.94141,63352.03516,95147.03125,60780.08594
57833.55469,67241.95313,77062.40625,71076.74219,63642.57813,75217.04688,77351.69531,68655.07813,78049.80469,,,129333.94531,136169.56250,105763.43750,189695.12500
,,,,,,,,,,,87827.17969,88026.24219,109640.32031,106973.10938
14107.14453,59188.83594,51676.40234,50740.96484,67810.45313,67437.17969,52882.65234,47203.85547,69473.89844,,,49105.17188,44304.98828,43383.66797,44843.91797
,,,,71036.35938,84828.00781,63589.31250,49933.91406,76580.26563,,,54601.92969,64932.91797,50417.30469,90113.81250
,,,,,,,92770.35938,154313.87500,,,78095.81250,97632.80469,111955.67188,37486.93750
,,,,58211.09766,70982.04688,82582.59375,62912.03906,82386.17188,,,69948.71094,112855.92188,66606.59375,83742.64063
,,,,,52105.45313,57148.05469,76737.44531,27294.91211,,,57069.95313,36290.02344,59962.42578,72052.89844
46111.96484,45257.22266,45686.44922,39942.33203,44325.31641,47747.98438,39995.00781,58592.33984,38124.76172,,,52303.50000,41074.24219,,
48141.11328,60910.47266,81345.15625,68109.10938,75896.82813,57666.18359,60584.59766,67024.14844,94633.38281,,,102901.32813,40136.15234,108216.21875,64049.55469
92277.99219,56403.88281,64946.17188,50349.50391,59522.01563,68656.12500,64684.14844,56736.10547,68278.91406,,,73970.38281,54499.65234,64969.46484,82622.45313
,,,,,114216.50781,61024.49219,,,,,,,,
,,,,,,,,,,,88816.70313,41914.68750,106153.08594,86675.82031
,,,,,,,49910.67969,51505.42969,,,39607.91797,57475.06250,43032.79688,52810.38281
,,,,,78264.99219,88796.54688,95854.41406,116618.38281,,,139392.75000,115203.58594,132260.17188,140776.12500
,,,,,,,,,,,90718.17969,87279.43750,,
54638.96484,67526.05469,58353.27734,31147.13477,39200.26953,46723.06250,120253.60156,69416.94531,63962.14453,,,,,,
152795.87500,178692.35938,115611.80469,107477.54688,128184.10938,104692.07813,,,,,,,,,
53985.15234,44563.01172,,,,,,,,,,,,,
236761.20313,268081.50000,258116.51563,178509.09375,199046.15625,280158.50000,171832.01563,127945.21875,157660.42188,,,166252.67188,95089.42188,187425.93750,178995.45313
,,,,,,76496.83594,54286.14063,107986.93750,,,57167.56641,69672.02344,102872.08594,70983.67188
,,67169.78125,63313.80078,54403.37500,87948.37500,58933.12109,100079.63281,63825.59375,,,77096.07031,101345.41406,91474.25781,104379.44531
177459.59375,113033.64844,83960.63281,169411.64063,171322.48438,180242.67188,222572.31250,187322.65625,179020.89063,,,,,,
68099.03906,58338.30859,62706.16406,55117.83984,53884.49219,57783.27344,55607.05859,44149.89844,64043.01953,,,90899.52344,92552.43750,63684.16797,77282.75781
68149.58594,61050.91797,76046.51563,100161.46094,67895.22656,102081.94531,80624.03906,77604.17969,59902.64063,,,65875.12500,78367.98438,43139.71094,59717.55078
47028.21094,51870.69141,46304.00781,47428.16797,42096.96094,32384.80664,39794.35156,26304.94336,36760.26172,,,,,,
,,,,,,,,70895.51563,,,55831.62109,69321.08594,64458.64453,64964.63281
,32261.96484,58733.93750,63169.29297,45120.60938,62278.73438,41957.67969,40654.33203,41948.96094,,,22778.75586,31205.14063,32522.16211,42148.37891
51191.87500,47845.12109,44343.07422,43716.83984,51747.17188,63563.48438,92618.21875,90409.84375,91986.45313,,,91459.51563,94988.09375,103805.07031,112448.53906
52268.19531,,,,,,,,,,,,,,
85712.27344,83225.21875,83565.60938,61483.35156,60796.83984,54814.48438,34320.67969,,,,,,,,
,,,,,,,,103735.20313,,,62079.84766,93579.04688,77560.74219,80344.79688
,,,,,,,,,,,55313.09375,98664.85156,72420.84375,83864.28125
67849.20313,74618.03906,72985.43750,75623.93750,101256.25000,116344.44531,80718.66406,76044.70313,101852.74219,,,71780.34375,58931.20703,41272.30078,83512.31250
,,121186.24219,28800.04492,30148.29883,29236.62109,34738.85547,34945.06641,34102.50781,,,41017.64063,39746.82813,31452.34570,31921.18164
134231.42188,96284.65625,134984.45313,119872.53906,84429.46875,136114.39063,142904.26563,108559.81250,122639.18750,,,122986.22656,81049.19531,88700.73438,106497.33594
61306.58594,52615.98438,65626.56250,46707.42578,64005.22656,35247.87500,57256.17578,61107.42188,60480.51563,,,51572.66797,50059.02734,36487.06250,61188.24609
,,,,,,,,51848.83203,,,46794.14453,43105.53906,51352.99219,41269.74219
,,,,,,,,49738.38672,,,65189.85547,56977.12500,75294.63281,61217.54688
63511.67578,54545.98047,120984.50781,102699.57031,99910.74219,104765.39063,115216.10938,71901.89063,83365.26563,,,137897.07813,94909.50000,96620.95313,73567.96875
,67734.18750,129466.85156,83316.53906,79684.50781,78506.36719,89203.44531,61206.57031,106935.06250,,,110460.40625,107890.38281,98894.80469,99396.59375
102005.16406,142574.17188,142736.73438,144660.64063,100897.95313,91762.76563,120365.58594,97333.07813,95184.42188,,,97972.59375,55941.51953,83395.87500,48053.86719
,,,,74303.67188,70300.54688,42129.17188,49646.54297,55835.98828,,,77781.78125,64144.67188,67628.97656,72362.57813
,,,,,,,,39138.41016,,,46799.05078,41093.55859,44544.78516,108869.91406
,,,,,,,,,,,117472.75000,100464.43750,131014.32813,177563.37500
89636.91406,113296.00781,73312.47656,92463.42188,91333.03906,81554.49219,91425.85156,74571.01563,86288.76563,,,95673.13281,85978.67188,80595.75000,74662.74219
,,,,64155.68359,77939.19531,60474.11328,73659.51563,67994.62500,,,71115.11719,73035.35938,61176.86719,72839.00000
,,75051.53125,71558.00781,55785.47656,53770.37891,56323.41797,44105.87891,47579.52734,,,53733.98047,48669.11719,63908.24609,49891.40625
,,,,,,,,,,,17687.99609,61426.26563,80330.85156,73735.00000
,,,,,,,,,,,52499.14844,47197.82422,45608.78906,37958.67578
47139.97656,50316.14453,45821.19141,34479.92188,82918.07031,59619.55859,48295.11328,54751.58203,40852.85938,,,28171.63477,17023.52539,24785.93164,28126.34570
,,,62190.89453,52080.91016,72830.31250,,,,,,,,,
22196.46875,46406.08594,122452.67188,52087.71484,60438.82813,78927.14063,38243.76563,57505.60156,87815.11719,,,26922.12305,36226.29297,174806.17188,61661.80078
,,,,,,,,,,,72294.97656,59144.25781,50409.03516,64150.85156
57859.70313,59592.50000,72671.08594,76032.22656,54680.61719,37832.25781,69669.10156,72319.32031,70410.92188,,,64591.86719,84194.44531,67912.25781,
,,,,123939.00000,95404.25781,113416.21875,95624.05469,89125.30469,,,114129.61719,157885.81250,67593.71094,
,,,65544.12500,64872.19922,66496.85156,51335.41406,62265.31250,88531.63281,,,53632.46094,58119.90625,40915.43750,57308.89453
57832.56250,60947.71875,63604.77734,54744.69141,58399.59766,60729.04297,77265.65625,68993.03125,94766.68750,,,112692.01563,108176.59375,71099.45313,84913.96875
72370.64844,104262.34375,65674.27344,129466.35938,81430.38281,83660.42188,95250.89063,89740.23438,115511.07031,,,73590.28906,72490.35938,93132.56250,102880.72656
,,,,,,,,,,,38782.16797,53236.00000,43219.97266,43599.80469
,,,,56503.80859,44632.63672,12322.41406,,,,,,,,
,,,56234.10938,50684.33203,58505.79297,59813.76172,106863.59375,68855.65625,,,61408.16797,70278.35938,87047.76563,72671.57031
,,,,,48406.70313,59674.39453,84436.47656,72768.10938,,,65106.29297,54248.62109,57262.73047,57854.40625
,,,,,,56197.32813,41485.59375,79489.67188,,,70184.05469,62609.18359,59461.25000,60014.54297
,,,,54514.46484,42278.21094,48360.55859,48258.92578,43348.01953,,,40103.51563,54890.49609,56607.68750,72275.26563
,,,,,,,52630.08594,49442.89844,,,,,,
90421.05469,84894.04688,86668.71094,113253.11719,81611.36719,89547.28125,68836.48438,124656.99219,75565.39844,,,75273.52344,92848.07031,72570.59375,90493.00000
,,,,,,,,75368.48438,,,104758.59375,78961.01563,129882.37500,100990.36719
46276.68359,50608.93359,81771.00000,56885.36719,66697.80469,59033.13281,42733.26953,53268.80859,47111.61719,,,59161.35156,65022.27734,67761.39063,84310.78906
,,,,,52421.65234,41256.24609,47250.83203,,,,,,,
,,,,,,,,,,,113998.00000,106703.20313,147688.78125,129427.46875
77376.41406,94119.54688,72315.66406,133928.50000,97115.83594,88001.98438,,,,,,,,,
,79901.15625,82373.75781,80013.85938,83816.30469,81718.68750,76716.44531,78112.57813,87703.38281,,,78678.53125,80143.38281,59583.29688,78220.28906
56402.05469,119611.60938,59192.16406,56014.49609,92373.87500,103071.24219,162448.21875,77941.72656,78501.42969,,,69345.81250,119021.38281,97048.43750,40200.97266
,,,,,,90618.57031,73076.04688,83015.78125,,,80060.87500,69237.83594,71950.65625,74210.61719
,88323.75781,70349.23438,73299.04688,81744.17969,61880.41406,60486.05078,66518.28906,54889.13281,,,92221.50781,105944.24219,75162.83594,70197.97656
85558.49219,85789.46875,65966.28125,82629.62500,72488.83594,84053.32813,74716.95313,90969.59375,93438.86719,,,111451.57813,58104.50000,64909.26953,95735.83594
74248.84375,96462.86719,74375.42188,97948.58594,88330.82813,81011.02344,87199.23438,78642.82813,86084.35156,,,84594.53125,92207.70313,124741.31250,96953.33594
,,,,,,,,68164.92188,,,66332.17188,62799.82422,42711.26953,52682.16016
,41854.13281,69210.96875,82868.26563,81765.53906,108693.13281,67101.02344,69524.27344,114325.15625,,,57371.06641,55807.82422,85620.11719,52603.79297
158443.60938,159312.10938,128270.19531,107214.96094,111953.10938,186000.35938,137204.96875,96736.85156,213624.79688,,,118131.08594,204601.39063,124080.91406,
36262.30859,55511.10156,60469.61328,60768.03125,67894.96875,52294.97266,58039.31250,42841.60938,91617.17188,,,59126.66406,73934.48438,51636.15234,87208.88281
,,,,,,,,,,,47735.19141,46472.42578,44024.43750,51573.35547
,,,,,,,,91771.34375,,,67499.27344,103847.64844,76007.86719,41755.02344
,,,,,,,,,,,65802.16406,52146.96094,56278.85156,53733.31641
82763.53906,46071.34766,47081.30078,53005.60156,45333.81250,73536.12500,18664.20898,51329.48828,72174.56250,,,27489.74023,33307.21875,40382.95313,28508.95898
,,,,,,,,37700.54297,,,44871.21094,37432.10156,32439.98242,33140.33594
48741.76172,50802.50781,47077.07813,41742.75781,52948.55859,48920.91406,65777.82031,59714.18750,84680.17188,,,46425.96094,40931.08594,49946.62891,47183.42188
47023.86328,86966.11719,40225.36328,36384.10547,44536.58594,39680.62500,45439.07813,53082.44141,39702.57813,,,34638.78125,57723.51563,33904.04688,42478.87109
,,,,,,,,,,,75868.24219,60520.55859,61111.21094,50042.08203
,70137.55469,72133.75781,77525.17188,73990.14063,54193.03516,61415.31250,64836.26563,55687.88281,,,67288.07813,72754.99219,81154.69531,81530.39063
,,51162.98047,49579.82813,76105.21094,57293.32031,80919.75781,86706.57813,74699.92188,,,132240.37500,89764.71875,130261.95313,103853.68750
56440.09766,70152.40625,56189.50781,46796.37500,66648.27344,58697.98828,54289.97266,65367.96875,56287.49219,,,59884.76172,53600.91016,60893.62891,
,,,,,,,,,,,41466.72266,54193.50000,45315.83203,42541.30469
85565.67188,103913.03125,88188.32813,66532.63281,110654.30469,70684.47656,107197.37500,126232.30469,133459.29688,,,54784.59375,151619.39063,201937.50000,130880.32813
,,,,,,111568.66406,133435.50000,124396.55469,,,65565.07031,122073.60156,149388.09375,159670.92188
92393.25781,69729.32031,80442.32031,74606.37500,100234.46875,85180.96875,111738.28906,87369.71094,92764.60156,,,90638.27344,78219.92188,68933.32031,68728.25000
,,,,,,114936.47656,79137.57031,92063.25000,,,130907.54688,101737.80469,,
105262.82813,116121.53125,93578.60156,102703.39063,112917.60938,113464.79688,96860.82813,157507.57813,89271.44531,,,109410.83594,114364.96094,91786.92188,95416.72656
130755.45313,127926.30469,138212.14063,137239.00000,,,,,,,,,,,
,,,,,,,73888.74219,107729.26563,,,122915.99219,151404.81250,116306.39844,129923.50000
,,,,,,53708.10938,87797.86719,65556.88281,,,80452.67969,61232.20313,43684.37500,62341.78125
,,,,,141912.71875,132183.00000,170753.53125,170159.37500,,,163776.65625,219325.50000,186002.50000,215721.40625
,,,,,,,,,,,155910.43750,250656.56250,112879.60156,135486.65625
107635.82031,140469.01563,125101.68750,126043.67969,68239.98438,120533.17969,118409.34375,208229.89063,63535.00000,,,136696.53125,58106.60547,156592.01563,126146.61719
,,76967.73438,106277.57813,72412.83594,73390.67969,77622.53125,68834.84375,55752.71484,,,70496.71875,102912.12500,96091.92969,78859.72656
58493.40625,67947.36719,56931.22656,85285.99219,46395.81641,79851.03125,59928.29688,51278.89844,93440.91406,,,90899.08594,85141.17188,97477.81250,
,,,,,,,,,,,123317.54688,82378.62500,93664.14063,160171.17188
128932.35156,103724.32031,81172.10938,101043.44531,84520.99219,48387.73438,112365.13281,90860.60938,90729.16406,,,74409.26563,91879.40625,66819.91406,35674.92969
,,,,,,,,,,,52269.79297,63174.77734,47230.33203,47878.03125
,,,,,,,,,,,84240.30469,79047.43750,130290.40625,60964.69531
,79212.85156,68348.55469,65785.85156,68010.57813,61914.29688,77200.54688,86529.30469,104443.96875,,,104659.43750,101420.35156,84289.96875,92009.00781
,,55262.89844,53739.82422,78110.41406,117933.64844,,,,,,,,,
27721.28125,39795.03516,41361.26953,37870.70313,36826.78906,40143.96484,,,,,,,,,
,,,,47963.17188,53056.42578,60385.30469,83971.84375,79268.77344,,,69752.20313,60577.43359,80351.85156,114050.73438
,63748.57813,57703.53516,76629.07031,83041.12500,50536.05859,,,,,,,,,
,,,,,,,,,,,,61865.66016,44015.87109,
186195.23438,83599.00781,92567.88281,75901.53125,127575.17969,88913.23438,161357.53125,115070.50000,106224.89063,,,118166.91406,64412.67969,54061.60938,59182.51172
,,,,46912.82031,43207.73047,48990.48047,64734.13672,56011.02734,,,47012.16016,54048.98047,51902.60938,58187.62109
82289.58594,83079.46094,105139.12500,78397.81250,93302.44531,78235.21094,59140.14063,128822.71875,68811.41406,,,90858.87500,,,
,,,,,108392.63281,109534.65625,73473.73438,100336.22656,,,79573.40625,91205.26563,86232.49219,80837.68750
75103.43750,74296.23438,79824.07813,103101.12500,99095.71094,85683.25781,121127.32031,121555.59375,84327.59375,,,121364.24219,122302.46094,119360.23438,122360.56250
,,,,,,,,,,,107751.77344,74210.90625,111127.23438,
57709.97656,72604.37500,68829.39063,63833.75000,66873.14844,59655.33203,50567.73438,61272.74219,61009.42188,,,45749.71484,49682.25781,71843.14844,
69255.27344,109542.59375,83111.63281,78660.67969,135170.20313,,,,,,,,,,
105099.72656,88836.86719,110356.79688,70633.00000,90209.94531,55471.09375,169279.68750,60179.83594,82182.60938,,,100139.20313,168989.82813,,
,,40925.11328,62322.76172,34584.25391,43520.41797,47362.03906,41937.43750,56640.03516,,,47129.95313,54443.49609,43948.76172,52678.59375
,,,,,,52667.28906,59683.33203,71975.57031,,,88383.83594,70076.30469,47904.56641,62796.64844
,,,61143.03906,84307.33594,61440.85547,92012.07813,61466.81641,82470.43750,,,76858.95313,56094.41797,69799.71094,61080.96875
,,104689.88281,120418.17188,187699.96875,91637.00781,83850.12500,80967.22656,62242.87109,,,153526.20313,128214.91406,123250.53125,
119022.63281,93392.98438,90136.75781,89958.05469,106401.30469,109273.60938,119850.71094,100644.04688,90164.87500,,,110434.81250,156235.95313,110560.32031,96702.53906
,43533.36719,44199.86328,44670.66406,65114.61328,69919.89844,80655.71875,69333.71094,96822.78125,,,74703.41406,83155.64063,91354.12500,120131.64063
133838.85938,125215.08594,154023.93750,124936.43750,112520.30469,108927.34375,107395.27344,133002.78125,150445.64063,,,134247.17188,152660.12500,103502.87500,
74340.60156,64752.22656,60216.11719,58002.90625,94110.75000,89635.71875,89033.97656,77344.54688,69567.05469,,,52588.49219,81663.76563,68815.87500,66859.17969
99544.00781,74264.64063,66921.63281,83052.92188,97617.07031,98534.61719,83908.60156,90665.33594,91336.09375,,,79933.01563,82767.64063,89122.50000,61844.01172
43358.47656,36983.05859,44704.33203,44909.14063,66301.31250,68582.70313,58208.15625,49248.91797,49558.22656,,,,,,
,,,,86169.35938,90895.27344,91231.97656,108604.43750,95689.37500,,,90762.14063,186113.92188,99113.66406,174838.18750
,,,,,,,,,,,102288.25000,89725.94531,83528.56250,57325.67578
,,,,,,34944.00000,67139.93750,53217.52344,,,,,,
,,,,,,,,,,,,,53282.67969,47941.76953
,,,,,,,,,,,47295.32813,62963.35938,48222.67188,62121.77734
,37117.96484,18216.43750,55198.32031,55729.53516,50016.89063,38681.47656,48587.77344,35610.21094,,,37195.49609,80028.28125,55014.12109,31008.90039
,,108858.28125,126063.64063,89761.29688,152494.82813,106606.37500,163928.85938,174090.96875,,,124909.63281,103042.05469,117053.93750,164485.57813
87575.59375,73573.86719,83798.80469,99263.40625,103708.29688,105805.91406,111543.34375,67924.88281,73826.68750,,,90664.55469,104111.02344,174434.64063,80694.50000
86041.34375,82201.42188,65394.28125,74597.54688,68616.32813,74988.57031,82450.54688,71345.94531,125056.24219,,,35396.35938,39337.59766,39933.07422,45594.43750
69751.26563,90893.71875,69815.35938,113434.93750,98429.14844,102671.85156,111266.25781,137899.04688,72632.07813,,,92766.72656,182845.85938,62211.35938,103225.09375
41964.80469,100666.79688,55459.51172,54857.94531,71724.43750,138070.25000,86409.89844,77341.96094,49391.24609,,,62139.37500,54372.56641,95803.69531,116462.56250
113545.11719,108202.39063,134596.50000,104821.05469,109452.37500,101515.85938,96821.94531,92296.91406,84649.89844,,,144013.68750,131146.96875,105728.24219,122417.87500
,,,,,66616.56250,48061.93359,46596.24219,42209.24219,,,90707.71094,74416.78125,119116.53906,
107540.29688,192095.07813,157018.06250,103762.11719,102267.96094,101191.37500,99843.68750,82120.25000,108571.40625,,,121981.78125,114366.16406,117431.30469,98727.44531
,,,,,,,,,,,49239.42969,47263.63281,36728.89844,40151.42969
,,,87002.11719,82409.50781,92128.50781,104640.77344,56061.63281,82104.50781,,,87965.48438,96551.32031,138405.37500,104861.85156
61309.85938,93930.52344,90716.79688,106244.44531,,,,,,,,,,,
,,,,,,,,,,,103829.12500,133875.25000,161525.95313,92105.39844
54813.70313,46566.34766,52879.37500,57171.22266,51374.59375,54112.10938,108625.25781,80360.66406,72008.10938,,,70492.62500,87544.94531,81763.43750,88331.25000
66653.86719,64787.55859,63882.16406,90629.71875,73252.16406,74962.89844,95922.63281,66495.64844,62413.10938,,,145726.84375,70004.50000,72803.37500,47751.44531
87527.75000,123463.10938,99232.17188,114355.80469,105777.25781,74179.13281,114783.89063,92429.92188,81829.27344,,,132751.98438,217383.89063,146785.35938,177312.09375
,,,,,,109348.66406,127757.57031,100717.40625,,,66780.60938,56956.09766,45545.71875,48442.40234
73252.09375,80470.10156,74240.28125,78572.73438,75574.62500,77176.92188,87732.75000,61268.53516,47075.68750,,,105467.82031,86295.10156,76502.52344,102691.24219
,,,,,,,,183409.79688,,,119384.02344,164192.96875,162136.34375,236701.60938
,,,71183.58594,76174.69531,62772.69922,56086.01953,58215.98438,37964.57813,,,62006.94922,58832.48828,55109.79688,63951.35156
139651.68750,91861.53125,78892.29688,127481.28906,128592.32031,150231.29688,73224.35938,127382.25000,144611.40625,,,110341.64844,137360.64063,100473.34375,100458.68750
69160.29688,66624.50781,95139.76563,91800.49219,66307.63281,17518.27539,50776.06250,57058.96094,48465.69141,,,34401.68750,57225.00391,54745.16016,82903.59375
,,,,63769.80078,70481.73438,48492.96875,63780.26172,89986.02344,,,89469.94531,80770.87500,45515.71484,75341.32031
45846.50000,92924.42969,47790.39844,37034.41016,45767.56250,67523.54688,42269.70313,130463.10938,115860.69531,,,85302.99219,68518.50000,89544.55469,67589.96875
,,,58591.72266,41231.38672,68978.49219,67579.59375,52092.43359,29108.03320,,,105895.65625,70579.32813,58952.17578,113302.92188
,,,,,,,,,,,67863.63281,71333.90625,86199.85156,77667.62500
,,,,44175.33594,91738.35156,105197.89844,92851.07813,75991.12500,,,109076.51563,175368.71875,173906.10938,264458.40625
128778.25000,151735.68750,122651.58594,113241.89063,77544.03125,73822.74219,280613.62500,135578.04688,174495.54688,,,139875.07813,117264.89063,92556.76563,112009.82031
,,38611.48438,43257.24609,25186.29102,36376.75000,45618.61719,32366.18750,30955.33203,,,,,,
,,,,,,,,51176.59766,,,72359.53906,54022.49219,64284.54297,55809.63672
,,85384.78906,82195.78125,79015.55469,64760.37891,63204.60547,78928.79688,65654.98438,,,64315.81641,55359.05859,66673.64063,53765.76172
,,,86715.59375,123625.58594,113675.89063,68891.51563,76530.76563,39725.53125,,,136342.26563,83361.76563,128414.86719,151623.73438
92951.89844,95453.03906,85699.68750,100066.75000,85871.89844,90357.00781,90081.33594,59898.92969,121878.17969,,,80071.26563,66599.41406,81401.42188,91443.03125
,,,,,,,,,,,53672.06250,74140.09375,56803.29297,69017.32031
,,,,45610.44141,60817.54297,45298.54688,51956.78906,80158.74219,,,,,,
,,,,,,,46803.69531,53139.21875,,,64599.93750,70228.91406,75660.43750,63933.42188
,,,,,,,,,,,119380.60938,83341.96875,119705.17969,78517.00000
61289.57422,60866.63281,69838.06250,73833.86719,64255.61328,78750.37500,77961.64844,96814.74219,81749.47656,,,93126.52344,94951.50781,80161.57031,100246.12500
94996.42969,137085.43750,91678.88281,92221.94531,99580.75781,94675.71875,84204.96094,74853.74219,73222.26563,,,166887.93750,152119.50000,95312.13281,158240.35938
45287.35938,46093.23438,66490.57813,55715.71875,48342.43750,80460.58594,138893.28125,87333.71875,77019.57031,,,63690.12109,72837.19531,64574.68359,
,,,,,,,,,,,71924.38281,44528.47266,65621.67969,84716.03906
,,,,,,,,,,,30466.92969,32909.88672,43039.64844,41585.73047
45569.22266,49954.91797,51116.30859,45479.91797,47998.49609,53152.09375,55746.75781,59461.13672,40191.04297,,,47231.10156,40252.53125,42710.78125,36448.52734
60471.00000,58739.59375,93752.70313,54953.03516,52654.03125,40403.87109,57994.55078,58795.97656,56337.06250,,,56259.91016,77699.41406,80571.46094,86650.69531
,,,,,,,,,,,,,,
68888.69531,95172.89063,70111.13281,96359.34375,50459.05469,75901.46094,92105.57813,89949.30469,92465.09375,,,75817.89844,143397.37500,102766.57813,75838.50781
,,,,,,,35261.15234,34836.55859,,,46531.23047,41349.35938,47567.36719,55761.85938
73566.50000,53723.06641,55683.90234,42894.06250,53182.41406,86091.24219,79687.92969,100586.57031,99330.16406,,,73292.54688,68223.39063,60194.12891,56466.69531
,,,,,,,62319.07422,64932.11328,,,47546.73047,64931.49609,38351.43750,41961.96484
,49398.17188,77277.45313,65678.15625,81391.86719,95474.97656,85470.41406,85694.37500,88752.69531,,,,,,
37947.05469,41802.23438,69281.69531,73768.48438,103234.05469,103389.92188,,,,,,,,,
53489.79297,55848.28906,54919.29297,73480.18750,57399.69141,77076.88281,77856.81250,68380.37500,74655.05469,,,,,,
,,,,,,,,,,,64550.24219,96819.26563,76297.71094,78056.28125
59778.34766,63491.62891,61980.52344,49012.25781,40592.73438,95520.60938,103795.66406,123933.44531,136326.26563,,,83201.00781,75048.52344,58456.99219,68536.14844
136711.25000,112648.60938,107927.11719,190436.65625,134171.39063,131089.18750,153787.48438,157959.76563,144984.51563,,,117305.82813,118918.82031,146738.60938,135220.35938
89153.18750,124556.93750,105697.09375,124175.03125,134140.56250,125563.89844,92452.48438,81442.64844,85502.69531,,,68373.59375,77481.56250,67086.62500,68543.40625
,,,,,,,,,,,55590.57031,50141.73438,75458.74219,43957.48047
68884.88281,65511.44531,69190.96875,65807.00000,64845.72656,86790.05469,79772.86719,63349.31641,60161.81641,,,104700.26563,97802.97656,114640.25000,99749.46875
71746.26563,63832.35156,51065.48828,53862.75781,89538.74219,77197.45313,97364.83594,111510.47656,112914.48438,,,93859.15625,85325.77344,84025.99219,82749.96094
29978.19727,61956.82422,180579.71875,128832.05469,167010.68750,212115.64063,59267.57422,50191.01172,60562.12891,,,77289.31250,65778.95313,191066.62500,166815.53125
,,,,,49965.68750,61745.24219,106770.18750,51966.20313,,,103899.65625,104631.99219,105024.98438,57118.68359
43919.26172,34592.23438,36410.69531,37857.41406,33597.98047,35751.66406,40926.24609,47953.24609,35180.03516,,,34912.72266,56924.33203,47402.39453,53255.50000
,,,,,,,,,,,62455.80078,36346.16406,42280.58984,47073.35156
,,,,,50114.19922,51123.76563,55223.59375,49877.13672,,,52276.72266,43296.25000,54503.80859,
60947.54688,43810.45703,71741.06250,82110.46094,,,,,,,,,,,
83255.85938,97662.32813,90632.31250,94664.97656,66316.42188,154344.04688,68846.13281,103055.71094,138824.42188,,,91304.03906,99584.74219,112171.77344,244319.92188
103428.08594,111712.82813,154337.42188,199367.40625,166536.56250,215943.90625,212547.56250,288099.21875,213851.67188,,,238844.90625,152686.78125,173661.32813,186257.03125
,,,,,,,,82640.50000,,,128445.24219,120129.57813,104638.97656,131618.20313
,,,79121.42188,73285.35156,67919.76563,122573.35938,97021.60156,155633.96875,,,121660.78906,139019.57813,93375.08594,105471.64063
77526.21094,58178.46484,61706.62500,50494.43750,68087.09375,63398.21094,60790.58203,69870.50781,109594.53125,,,88962.08594,90238.25000,87874.25781,89318.45313
,,,,,,,,,,,58336.30859,45729.47266,40182.53516,33514.80469
89542.07813,67256.00000,74231.57031,72571.97656,81193.40625,98942.25781,168013.12500,91917.00781,76144.26563,,,169248.37500,84708.35938,80368.78906,92144.40625
,,,,,101496.21094,120375.45313,45253.85547,46490.42578,,,,,,
,,,,,,,,,,,107747.76563,92526.67188,25743.93555,91204.74219
,,,,,,,,,,,101692.89063,121756.89063,122081.64063,94237.29688
50034.44922,48898.38672,59179.97266,59818.43750,44087.50000,52621.40234,45057.18359,39641.47656,46876.23828,,,47331.92188,68781.89063,68105.72656,81380.53906
,,,,,,75438.74219,77104.67188,95292.32031,,,109685.17969,111416.93750,102468.58594,120904.57813
,,,,,58746.59766,49978.83984,36452.00391,32251.04492,,,38696.71484,43119.31250,56810.33594,53855.36328
,,,,,,41253.29297,35657.14063,148539.54688,,,89836.31250,85823.35156,77037.71875,67265.49219
,,,,,,,,,,,,,86282.59375,66912.06250
66987.71875,83749.90625,71588.31250,80004.01563,57790.99219,70541.31250,60316.41016,67937.97656,65965.65625,,,,,,
,,,,166274.25000,105359.75000,138691.29688,71493.60938,55767.39063,,,67929.35938,76965.89844,86026.00000,
160052.51563,132039.75000,91451.22656,232340.65625,127088.11719,257550.48438,197819.51563,235929.26563,226967.79688,,,219794.73438,217687.81250,274911.96875,
,62129.12500,,,,,,,,,,,,,
91364.57813,77619.50000,73240.21875,95947.06250,66279.11719,64870.03516,114561.89063,,,,,,,,
,,,,,,,,,,,81070.76563,61407.52344,49483.75000,55155.53906
,,,,,,,52836.87891,67221.82031,,,68504.45313,44043.25000,53111.71094,59330.74219
,,,,,,,,,,,,36390.56250,45312.89063,80552.64063
,,,,,,,,,,,70089.94531,109867.76563,141943.84375,161272.60938
36230.67969,28614.75391,31677.24023,45144.80078,40644.52344,46731.57422,47495.38281,41982.77734,69041.47656,,,57306.32422,67484.40625,61298.28516,61164.26953
,,,,65128.33594,64115.98828,93666.72656,94245.65625,76103.46875,,,94644.48438,107451.21094,106769.67188,93021.96094
,,,51871.58203,42385.19531,113848.17188,70134.14063,76144.41406,74650.78125,,,124952.76563,79614.02344,112783.08594,108893.17188
,,,,,,,130696.60156,110034.59375,,,75519.07031,80331.46875,91288.63281,105189.07031
41653.76172,37688.39453,45998.60156,42489.32422,40202.69531,43817.05859,40620.96484,45138.60156,42559.60547,,,38290.37109,37165.95703,50398.26563,49342.75391
59575.11328,63085.67188,64471.61328,70075.90625,51678.22656,79536.31250,49847.74609,60895.54688,42074.08203,,,,,,
60680.46875,66995.83594,51157.51563,46220.40234,54177.58203,44167.54297,,,,,,,,,
,,,,,,,78074.96094,75805.89844,,,69791.52344,61787.89063,81704.19531,114191.35156
68449.33594,75489.40625,61737.46875,76474.14844,,,,,,,,,,,
52712.36328,62643.28516,43722.46875,70146.38281,55474.26953,64975.97266,89372.98438,81164.21875,76849.86719,,,69123.89844,48342.39453,38115.82031,44400.19922
,,,,77363.87500,45738.37109,64932.48438,53792.07422,50221.84766,,,103987.48438,84877.36719,82270.28125,60771.16016
165158.64063,222200.10938,91499.12500,156682.54688,141187.93750,70053.39063,113107.29688,110585.20313,108052.55469,,,77593.66406,77315.48438,75494.88281,49000.19922
,,,77914.29688,90316.94531,126363.83594,103046.57031,85172.52344,82758.71875,,,,,,
54361.00391,62790.78125,83036.36719,83494.71094,96000.97656,50986.41406,84679.03906,78173.23438,51936.47656,,,61495.83984,71972.54688,77333.25781,67775.47656
62468.84766,58923.62109,57682.62891,51992.12891,76499.67969,70011.91406,64914.53125,54128.51953,75279.98438,,,82325.30469,100573.90625,154333.29688,111308.92969
102706.61719,71657.16406,81840.75000,84529.85938,104960.10156,99238.41406,136184.10938,91935.85156,86134.03125,,,90756.60156,88722.31250,101312.17188,87357.54688
93949.16406,69612.71094,100438.57031,78706.52344,112850.75781,94348.53125,93561.74219,86165.74219,49224.54688,,,74027.96875,85840.61719,55359.95703,70848.27344
80309.71094,96239.21875,79054.21875,83015.94531,67724.69531,102047.68750,74982.49219,77245.17969,48762.68359,,,75495.45313,70795.52344,70727.96875,73293.39063
56421.37109,63046.69922,40957.79688,56821.76563,53510.91797,63690.42578,46299.28516,49073.43359,44996.42578,,,121681.21094,,,
,91602.75781,80269.21094,60203.08203,71376.91406,85385.84375,79183.25000,73323.59375,72620.51563,,,93132.73438,86359.97656,75928.39063,84896.79688
82440.47656,82020.69531,89325.86719,103102.60156,88797.14063,75253.42969,101197.55469,99758.03125,77445.51563,,,,,,
59642.47656,54493.46875,60099.42578,45415.90234,100836.48438,71788.49219,64131.70313,66544.49219,67293.33594,,,69697.40625,88085.44531,77096.80469,83076.45313
,,,,,,,68663.65625,75401.05469,,,47037.00391,46752.92578,87305.65625,53278.56250
,,,,,,,62465.62891,83003.75000,,,109986.85938,,,
,,,,,,,,,,,52273.92969,63029.80469,49617.19922,48726.89063
,,,,,,,,148291.57813,,,182976.87500,131033.19531,149780.10938,110724.39844
,,,59182.23047,81674.98438,73853.23438,82493.56250,70559.21094,90148.19531,,,105931.00781,89947.32813,78072.13281,77720.16406
,,,,,,53938.83594,66909.12500,83213.71094,,,61710.57031,98657.60938,59124.57813,69988.28125
85268.34375,108998.62500,68895.19531,87789.91406,67138.72656,76962.66406,89579.91406,,,,,,,,
,,,,,,,,,,,91156.31250,64305.75781,95928.76563,40994.52734
,,,,,,,,,,,51669.84766,32534.10547,,
56856.24219,54525.69922,58224.75781,58130.54688,38737.47656,43188.16406,41644.54688,39053.73438,45797.03516,,,,,,
,,,,,,,,124246.21875,,,87468.17188,100901.79688,95265.60938,86323.00781
,,,84618.82031,79393.38281,,,,,,,,,,
111534.40625,104659.83594,49630.58984,57198.65234,57102.18359,59151.64844,51567.45313,49848.41406,49696.94531,,,63833.99219,57798.54297,44981.49219,52038.21094
,,,,,,101861.78125,99717.50781,70117.28906,,,66626.41406,134852.68750,80707.96875,73212.77344
,,,,,,71555.89063,59006.62109,71474.66406,,,51920.57813,53142.56641,51855.01172,58523.14453
,,,,42982.18359,58838.77344,50839.92188,44406.38281,45036.39453,,,63201.47266,57547.67969,68229.96094,91586.16406
55460.83203,63072.73828,60316.92969,66595.35156,54956.70313,134901.06250,114847.28906,91934.00781,75168.57031,,,112422.79688,123913.94531,124768.67188,253506.03125
,,,,,,,97958.95313,150888.78125,,,51064.90625,44103.60547,48632.37109,91302.47656
,,,,,,,,74618.39844,,,,,,
52987.50781,60865.00781,64146.14063,54762.49609,62578.26172,51773.28125,77567.84375,52294.42188,,,,,,,
,,79513.02344,94227.23438,84460.79688,88171.76563,103251.77344,108434.29688,76991.44531,,,149131.87500,150998.32813,129409.45313,131777.32813
,,,53683.01563,72330.35938,59194.53516,58813.52734,57042.96484,96700.23438,,,70507.28125,61747.71484,65666.94531,64133.17188
57744.27344,69356.99219,81302.89063,61407.52344,70573.53906,57207.27344,94166.68750,100250.33594,60579.86328,,,,,,
,,,90058.91406,77938.38281,61950.03125,65432.83203,80029.04688,73516.84375,,,79184.15625,72074.75781,71461.98438,85329.75781
,,,,,,105332.32031,76014.39063,64202.93359,,,112301.07031,96178.75000,140050.60938,55498.55859
61526.05078,63827.41797,59170.54688,52896.92969,56276.06250,75202.77344,51221.56641,61313.89453,56726.25781,,,53137.75000,43474.99219,60045.28906,65212.55469
,,,33113.00781,36875.57031,22197.71875,41372.91016,35488.56641,58648.57813,,,57803.50391,34621.87500,32699.86914,33498.92578
116259.04688,172366.42188,108596.15625,116762.94531,136271.93750,83665.44531,66098.33594,66255.17188,113603.92969,,,,,,
67864.86719,,,,,,,,,,,,,,
47323.70703,40209.67578,46033.83984,64601.97266,57359.35938,32510.71875,43285.96875,40481.66406,43953.62109,,,66771.82031,45830.23828,54845.44141,60163.76953
,,,,,,,65727.46875,87565.32031,,,62464.14063,108330.42188,99919.13281,78949.04688
155593.75000,202735.98438,152665.51563,174466.75000,121443.54688,103087.26563,122367.21875,95184.32813,62867.17578,,,38973.37109,48513.69141,73914.60156,88535.51563
,,,,62566.98438,67585.84375,61234.77344,49896.30859,52438.85156,,,45203.86328,48888.21875,41543.59375,69633.96094
,,,,,37781.88672,75760.80469,65203.22656,,,,,,,
,,,,,,,,,,,92026.82031,88450.78125,67669.36719,104392.98438
59248.52734,38195.17969,78872.73438,38883.12109,43486.35547,38360.98438,48943.40625,53132.22656,52342.72266,,,46504.25781,32936.66797,45257.00781,30979.19531
,,,,,,51032.82031,60418.13672,51531.07422,,,37427.81641,42428.87109,69809.89844,67393.01563
,,,,,,,,,,,,58819.30469,47833.44141,52696.12891
79538.96094,88774.87500,88353.07031,80039.27344,,,,,,,,,,,
,,,,,,75778.79688,92826.99219,73594.50000,,,112798.67969,87403.54688,94159.67969,99228.85938
,,,,44078.08203,53763.96875,50787.34375,48342.89844,37983.55469,,,89195.10938,67416.99219,48832.02344,65577.07813
,,,,,,,,,,,34188.05078,32650.16602,23611.64258,31573.79102
,,,,,,,,49262.39844,,,37868.13672,64945.30469,72936.66406,73539.98438
82629.70313,71427.91406,71523.21094,86070.31250,75864.40625,83135.96875,93581.90625,65511.63281,45017.67188,,,,,,
52905.00000,62556.36328,61513.84766,59434.37891,68981.45313,53289.94531,89789.11719,100952.32813,103527.06250,,,73391.52344,86067.43750,65763.01563,80184.12500
36788.45703,37027.48828,37771.76563,23488.38672,41809.09375,45357.89844,,64936.26172,48559.79297,,,97492.77344,59580.45313,74740.17969,78284.17188
,,,,,,,,100529.60938,,,57707.71875,58366.63672,59014.61328,82266.12500
,36444.56641,54915.00000,,,,,,,,,,,,
42945.55078,43090.45313,60970.33594,63917.81641,67994.75000,68099.36719,44692.60938,62151.40625,55585.90625,,,90898.48438,92108.47656,92380.83594,83523.46094
81076.71875,77738.91406,87962.38281,119809.67969,124655.68750,111059.00781,107850.87500,97095.09375,98597.32031,,,86277.40625,98335.03906,118012.06250,111553.98438
,,,,,,,,,,,40391.54297,43860.58203,45460.10156,73245.45313
,,,,79849.66406,150305.25000,181179.15625,144485.54688,180824.07813,,,222671.46875,165714.00000,185571.23438,158002.54688
,88455.50781,101946.81250,85113.65625,92455.75000,65038.71094,80693.57813,93734.19531,,,,,,,
91023.14063,80658.03125,97702.47656,116265.80469,117974.47656,177780.93750,105257.41406,111933.14844,116753.03125,,,82054.64844,156503.93750,129852.64844,80411.79688
135359.70313,115411.75000,108899.19531,151534.68750,154261.50000,162466.81250,169438.62500,135559.03125,104269.00781,,,118433.17188,73767.49219,84021.82813,75555.09375
58427.39453,,,,,,,,,,,,,,
42787.99609,43922.94922,47400.26953,56040.19922,58157.66406,60478.43750,34912.12109,39366.45703,53746.79297,,,47311.16406,39434.92188,44926.74609,56972.17969
,,,,,54518.31250,55994.73438,58584.07031,53442.52734,,,62864.53906,57194.39844,,
55947.33594,69927.90625,45574.04688,55330.23828,65907.42188,47986.13672,54744.84766,60632.34375,83729.14844,,,54435.60547,63510.64453,64782.24609,62439.36328
58627.55078,77087.39844,57032.14063,118375.01563,119316.98438,96217.74219,56513.56250,64231.90234,101288.11719,,,70715.63281,63306.55469,52408.80469,
,,,63240.90234,73233.64844,88163.94531,92884.02344,104880.15625,87250.14063,,,108911.96875,116122.30469,75179.82813,95381.87500
,,,,,,,,,,,,301559.34375,165546.09375,
,,,,,,100156.30469,132024.51563,99235.39063,,,93991.64063,94285.57031,84833.91406,167676.03125
67171.38281,93816.82813,93460.42969,85621.83594,131551.06250,79946.96875,95183.69531,104320.42969,90923.45313,,,,,,
,,,,,,,,,,,42546.50000,54437.78516,70696.75000,63844.64844
,,,,,,,,,,,114564.07031,119119.60938,121973.06250,138150.59375
,,,,,,,,,,,120539.84375,94041.21875,168421.73438,154250.60938
86956.66406,80334.91406,72849.48438,91774.14063,56940.45703,69579.46094,41439.84375,63572.63672,52434.80078,,,,,,
60655.41797,68743.98438,62256.82031,49974.69531,65485.33594,47732.82422,39889.33984,46595.80078,33763.39844,,,46175.46484,50305.49219,60091.17188,52357.64844
91974.00000,102122.35938,,,,,,,,,,,,,
57330.32031,58396.98047,65005.28906,64669.09766,80785.66406,67007.39844,77272.00000,77322.56250,62749.29688,,,90239.80469,126970.24219,116917.27344,
,,72827.53906,75325.22656,76801.80469,79915.56250,86535.16406,82290.68750,113168.25781,,,90906.63281,73116.61719,70366.48438,72213.94531
207042.18750,147403.00000,171329.67188,151981.75000,110528.69531,99582.27344,,,,,,,,,
34338.16406,34023.92578,37832.14844,43244.58594,58892.60938,55820.28125,51553.04688,40444.66016,59288.49219,,,63148.21094,32639.26953,76692.82031,57888.40234
,71359.89844,71003.17188,64337.77734,42830.86328,53306.87109,52226.29297,47067.47266,44489.97266,,,51145.66406,44099.65234,47998.26563,45296.60156
,,,,,,,,,,,,69290.08594,57863.89844,44692.14063
63989.23438,42773.88281,48795.94531,54364.21875,42417.70313,38029.94922,61459.37109,59751.73047,67713.00781,,,67032.96875,,,
68625.42188,87531.50781,83647.17969,82157.30469,76966.78125,58924.74609,117226.31250,85774.17188,47707.97656,,,,,,
,,79460.42188,,,,,,,,,,,,
,91245.80469,86695.08594,62577.48438,31289.44336,92166.64063,76040.71094,85935.46875,108216.83594,,,111184.68750,130660.33594,102554.71875,221228.73438
,,,,70927.43750,26997.66016,127898.97656,100323.68750,85552.12500,,,96691.46875,127138.42188,,
95450.57813,45259.03516,63960.98828,37146.92969,96484.03125,54892.27344,145806.90625,48131.10547,68866.95313,,,42398.69531,50221.51172,37569.50391,52110.32031
99357.73438,89530.12500,87821.81250,106843.42188,70782.96875,102458.81250,349317.56250,64954.47266,110969.43750,,,80053.46875,102989.88281,103680.50781,
,,,,,,46302.41797,42250.32031,70647.34375,,,48295.06641,71850.00000,48687.17578,61346.29688
,,,,,,,47433.00781,44698.87500,,,40849.78125,46482.48828,52810.78516,52140.54688
45288.00781,37074.41406,45292.19531,47839.82813,37502.45703,49054.33984,48285.35156,38119.59766,30415.68945,,,,,,
,,,,,,,,,,,40129.45703,38547.13672,42962.10156,31991.42969
,64864.77734,63789.01953,64584.41406,79326.10156,84490.76563,66129.99219,58530.40234,75500.64063,,,92185.71875,88376.07813,66109.24219,69230.24219
50986.60547,57385.57031,73058.21094,61862.23828,57170.94922,47170.91406,51181.23438,49803.26953,45552.14844,,,47062.39844,58820.53906,41749.20703,59257.23047
42235.21094,43161.31641,47497.01563,63366.77734,54932.85938,55526.72266,72608.25781,48880.20313,44241.44141,,,56297.96094,48350.46094,46814.94531,58898.39844
87932.52344,78674.92969,92028.04688,96016.71875,86065.63281,70122.17188,77067.54688,70316.10156,80769.71875,,,105794.50781,,,
,68709.31250,71594.17969,57265.57031,62732.60156,89837.68750,75814.93750,67445.73438,85291.84375,,,83251.09375,77723.64844,133355.21875,96071.95313
,,,,,,,,,,,,73406.50000,100299.58594,51663.88672
68514.18750,77762.42188,68069.56250,59357.45703,72925.95313,73959.94531,54712.69531,50574.77734,57305.66797,,,72843.02344,70326.50000,61008.02344,74505.40625
,,,,118197.00781,116727.98438,86161.88281,71444.60938,134783.90625,,,55555.06250,79839.07813,80190.09375,76136.57031
73452.71875,70627.20313,77062.55469,63949.39844,70430.93750,83953.10156,83523.14844,120966.85938,82811.46094,,,58443.83594,49747.49609,74373.78906,66161.84375
80769.49219,55083.62891,52134.37891,59866.83203,58026.52734,112184.71094,61471.56641,57877.19922,75979.24219,,,50682.98047,46467.28516,51922.70703,44138.99219
81328.71094,63245.91016,,,,,,,,,,,,,
177779.75000,106070.10938,122828.10938,137296.07813,132780.23438,115834.28906,131275.34375,184765.28125,193163.68750,,,108396.14844,91227.10156,68394.78906,73638.93750
69747.67969,79618.50000,96460.66406,76448.55469,84119.56250,69615.23438,56955.44531,63359.52734,87944.42969,,,82234.98438,43494.69141,96626.94531,57428.71094
86986.43750,84325.10156,90205.03906,77245.32813,77757.89844,76970.52344,85716.03125,86039.28906,73766.29688,,,,,,
,,53522.04297,60203.65625,73567.68750,71272.09375,61946.66406,69947.97656,69499.41406,,,69476.55469,72635.47656,64637.77734,65768.91406
,,,,,62913.17969,54215.41797,40640.06641,54171.89844,,,85857.07813,67373.53906,57554.59766,74479.26563
,,,,,,,,,,,80366.71875,136618.20313,79236.57813,80728.98438
,,,,,,,,,,,,157794.14063,65316.18359,86194.59375
,,,,,,,64020.85547,64015.23828,,,,,,
,,,,,,,,,,,,54660.64844,50060.60156,62979.75391
91857.41406,,,,,,,,,,,,,,
12132.45996,39507.53125,56647.92188,38337.98047,27126.85938,33456.01563,38895.91406,33664.82031,96165.35938,,,73000.82031,59509.64063,72680.23438,66980.89063
104718.24219,80115.33594,119444.26563,89901.70313,79486.71875,,,,,,,,,,
,,,,,,,,102014.99219,,,76554.27344,92244.90625,50741.35156,89166.78906
,,,,48696.04297,45456.32813,36693.67969,99219.01563,31277.75000,,,54658.71875,56798.46875,73995.42969,53023.04297
,,,,,,,,,,,47197.82422,58272.69531,54645.42969,68121.90625
,,,,,,50502.76953,46550.80469,61221.33984,,,47705.88281,40694.75000,54674.41016,64282.58203
,,47779.55078,72275.39844,77042.49219,66489.17969,76159.22656,68908.14063,83539.15625,,,74510.24219,77573.76563,88092.67188,111173.03125
49457.04688,52839.55078,56187.09375,48102.97656,49371.23047,43559.11719,47562.42188,49479.45703,62827.19922,,,62710.29297,67030.66406,56613.78906,
,,,,,,,,,,,,,77779.47656,106879.08594
,,,21523.75586,56928.02344,48736.18359,32743.18164,60835.87500,62617.30469,,,42946.90234,69348.13281,83588.00781,62049.06641
76839.46094,83142.31250,102936.56250,106286.19531,82698.84375,80367.94531,85732.54688,149034.76563,92166.28906,,,70854.35156,142031.04688,104077.76563,90108.39844
91975.84375,61304.01172,50014.60156,77998.97656,52422.60156,60269.37500,56998.97266,139766.93750,86069.98438,,,88253.86719,68339.95313,80619.80469,96346.20313
166345.60938,141679.85938,152769.50000,96644.35938,105459.07031,129110.02344,86488.71875,117163.39063,122672.76563,,,,,,
76977.49219,85260.37500,67141.60156,107662.20313,48916.15625,78434.82813,116349.66406,44915.73828,91636.92188,,,42314.27344,84987.68750,135470.89063,66912.70313
,38599.51953,104894.55469,,,,,,,,,,,,
,,,,,47202.14453,62477.42578,68021.40625,45988.11719,,,39029.60938,56575.73828,71219.97656,64485.63672
83856.28125,78171.44531,95076.46094,56273.69922,63580.94531,25393.90234,69347.14063,54771.37500,59993.48438,,,49141.85547,102761.67969,135190.31250,
,,,,,,,,63785.49219,,,77536.78125,68663.85156,55350.34766,63446.47656
75715.65625,81221.75000,67163.57031,7776.86865,29743.03320,35372.70313,28992.94922,39792.98438,56687.48047,,,,,,
57757.76563,58390.57422,56074.46484,42257.61328,59684.92578,45892.30078,55224.96484,63662.67188,52421.94922,,,89994.86719,,,
61360.98438,84705.69531,52450.45313,80735.67969,64583.18359,,,,,,,,,,
,,,,,,25789.02734,20600.41211,23455.39258,,,21717.09766,31289.50391,25539.84375,27311.57617
123681.24219,102609.50000,82535.58594,151484.10938,161974.23438,198618.00000,240467.87500,239379.65625,202907.93750,,,148339.65625,205050.65625,175772.07813,213829.64063
23717.84961,27986.70313,50987.87109,49157.79297,47392.85547,38622.27734,53754.73828,43206.61719,42832.62109,,,,,,
72904.88281,28070.98438,55549.86719,69186.21875,48501.94141,66426.05469,43065.67969,56794.94922,62538.70703,,,67916.07813,68544.51563,108128.94531,75177.39063
44877.75781,44670.40625,65876.19531,65243.16016,75126.93750,45570.69922,64225.96094,50726.74219,52324.35547,,,37896.60547,25279.00977,67499.21094,61629.46484
70270.11719,78790.86719,76342.91406,102315.47656,130468.08594,94150.88281,146829.87500,93130.60938,103098.37500,,,139414.68750,50610.52734,85434.80469,94115.68750
84353.01563,86056.60156,63819.50781,78876.87500,77566.96094,74758.92969,,,,,,,,,
,,,,,77958.89844,86723.44531,100054.82031,88053.19531,,,97183.46875,135923.70313,60428.80078,80573.46094
,,,,,,,,,,,53102.89844,48417.64453,49880.94141,66938.48438
,,,,,,,,,,,87678.63281,122211.87500,97150.01563,93382.82813
,,,,,,,,,,,114307.17188,141031.03125,79761.67969,104810.16406
61852.32813,50932.61328,61746.06641,60900.94922,58060.51563,55354.30859,50365.44922,62611.80859,63925.07031,,,,,,
,96946.58594,119403.71875,99724.45313,107539.16406,95412.62500,129131.07813,131231.53125,96683.07813,,,68879.56250,115625.69531,80847.17188,92457.68750
,,114606.58594,83028.45313,93379.89063,98928.28906,104766.68750,87303.07813,83173.48438,,,91919.81250,99068.77344,72229.23438,72930.12500
145311.06250,101827.49219,111961.97656,102567.92188,87606.58594,47241.73047,141851.01563,83652.12500,70651.39063,,,120149.17188,80077.75000,,
110609.14844,181165.32813,,,,,,,,,,,,,
97766.60156,65157.66016,84038.09375,80206.68750,71916.08594,88903.48438,87499.70313,74596.76563,77901.67188,,,86128.69531,80198.50781,99022.49219,108017.83594
69510.41406,95759.57813,75742.59375,95698.67969,81262.03906,86674.08594,78127.62500,91122.84375,134410.50000,,,157969.40625,125702.40625,119713.39844,60881.20313
,,,,,76676.87500,60865.76172,79444.20313,41483.45703,,,60387.20313,56125.23828,59985.76172,78479.50000
,93087.80469,121695.94531,98389.91406,97026.50000,98778.10938,74409.89844,98304.85156,79306.42969,,,88472.12500,96743.12500,106052.20313,67775.86719
,,,,,62202.40234,59475.37109,38511.53125,46771.74609,,,55486.75781,75776.19531,36317.06250,62557.14063
54137.60547,50557.51172,59327.06641,63761.46875,69474.03125,83004.85938,52585.78516,53229.91016,50106.35938,,,48550.81250,53934.20703,54433.26953,102540.82813
45184.21094,78645.60156,65663.68750,63869.80078,62730.32813,42478.54688,42051.53906,62220.37891,40454.95703,,,66642.86719,75464.00000,88084.35938,69603.15625
,,,,38265.43750,37265.19141,77662.59375,108945.52344,97102.68750,,,78993.03125,58867.51172,52499.29688,44315.67969
,,,,,,,,,,,74840.32031,55352.24609,60993.94531,83309.71094
72698.88281,86139.36719,67741.22656,30198.94531,62066.41016,72545.33594,70161.90625,74163.50000,69252.89063,,,90960.05469,87090.35938,120297.99219,137153.03125
,,,,,,,,,,,107379.29688,100033.82813,73272.98438,93851.55469
48589.58203,,,,,,,,,,,,,,
,,,,,43497.42969,61952.74609,71537.39844,55931.75781,,,41156.15234,69734.24219,62727.75781,78823.85938
,,,47299.39063,43951.40234,41714.62500,34285.57813,,,,,,,,
,,,,,,,,47185.00000,,,76929.93750,91018.88281,64707.83984,70502.97656
84575.25000,80807.08594,53825.58203,76163.94531,33250.47266,64185.24219,57809.73047,,,,,,,,
,,,,,,,,98031.75781,,,173301.64063,104565.85938,91842.52344,85617.17969
59371.43750,137943.37500,97815.10156,82817.85938,103538.81250,95615.21094,78437.29688,109150.39844,112939.57813,,,137422.75000,119866.59375,106535.02344,99984.04688
,,82115.94531,85502.45313,103991.54688,78631.57813,66815.89844,,,,,,,,
72002.07031,51974.33203,58044.57422,72328.42188,60136.98047,77565.40625,68891.45313,59934.98438,65467.53906,,,41575.06250,116238.53906,78241.03125,73231.41406
49103.11328,50991.32422,47177.57422,57190.36328,72240.60156,52500.50000,59102.30859,76996.58594,80106.54688,,,61605.78516,81656.67969,100618.71094,73513.82813
68276.10938,65496.94922,62430.67188,91486.55469,115026.39844,113608.26563,878621.56250,75893.57031,87667.75781,,,41479.26172,44767.08984,36759.87500,45367.24219
,,53026.78516,71388.75781,58370.25391,61044.86328,67233.61719,65496.20313,75260.24219,,,100537.08594,101580.64844,103043.32813,83831.73438
,,,,83960.31250,51791.50391,52129.35938,55686.34375,29512.02148,,,44460.49609,72030.29688,82986.73438,31948.41016
,,,,,67090.71875,41206.30469,42342.20703,42483.77344,,,33916.53125,38104.18750,35815.37891,54689.53516
129129.35938,146002.96875,129279.92969,146242.93750,144814.14063,133432.43750,145274.89063,155269.71875,146544.35938,,,100749.58594,143666.07813,98313.00781,71223.92188
52595.31250,58984.96094,61999.73438,45471.07031,39428.52734,47757.45703,42685.08594,56087.19531,56239.73828,,,66073.82031,,,
112002.98438,63982.33984,95689.28125,,,,,,,,,,,,
90830.80469,80929.09375,50238.94922,79074.57813,108249.96875,91643.47656,86735.27344,89048.66406,65533.62891,,,98266.79688,125160.16406,107659.73438,131338.96875
,,,,,,64948.52734,58919.46484,81861.58594,,,85853.47656,48735.30078,69455.54688,59744.60547
35698.85547,49903.96875,44680.63281,42537.08594,46581.44922,52974.21875,63028.00000,124186.99219,50363.71875,,,91226.05469,62942.70703,47658.67969,72021.78125
,56341.41406,54824.73438,54026.97656,52935.17969,54392.11719,51797.48047,61600.08594,48755.47656,,,66335.02344,65560.94531,58313.16797,64616.51172
,,,130174.89844,116088.31250,152529.45313,149773.67188,150025.28125,135438.34375,,,148601.18750,157514.34375,76538.64844,94100.60938
62942.22656,83503.78906,58746.70703,61538.55078,81837.00000,80338.13281,72237.22656,101879.75000,88627.25781,,,82699.94531,83945.01563,85668.22656,76820.11719
90350.02344,55431.85547,67055.28125,49775.01953,52134.72656,61710.74609,47485.28516,73052.98438,39415.55469,,,84330.57031,78579.25000,57530.01172,87977.06250
,50171.24609,53119.51172,79285.48438,53794.48438,95180.42188,80790.98438,51658.66406,52259.92188,,,61552.28516,20921.36914,89014.10938,58976.63672
89392.84375,76350.63281,75919.48438,84821.37500,45390.00781,47426.81250,47536.71094,91034.33594,91208.22656,,,123914.65625,117389.75781,114144.20313,98904.51563
43947.71094,42524.39063,44011.50781,27422.96875,52534.70703,39918.83594,27905.31055,38817.57813,39306.21094,,,43085.93359,23938.66016,72248.17969,51170.73828
86286.70313,67922.81250,77249.74219,105136.82031,104036.18750,102029.58594,94497.47656,101508.40625,105819.13281,,,105715.74219,121269.48438,90847.26563,110003.32813
50389.80859,74039.47656,49544.09766,73979.69531,70857.73438,92279.31250,103531.10938,85484.18750,95678.69531,,,,,,
96977.00781,97178.09375,78321.14063,76226.36719,63017.96484,63497.86719,107861.98438,49343.41406,52236.50391,,,141788.53125,49775.30469,57704.96484,65629.57031
,,,,95659.71875,69376.43750,66781.43750,73355.06250,83532.30469,,,74578.70313,80233.92969,79585.09375,119854.36719
65241.16797,74050.70313,130627.19531,79106.10938,80677.79688,47467.17188,72136.99219,138374.62500,85548.78125,,,50865.87109,39196.64453,44467.62109,33120.58594
70147.18750,77705.26563,59346.53125,49962.92188,63872.17578,63641.06250,80788.89844,83197.04688,79902.67969,,,90947.21094,40476.22266,69959.78906,62515.57031
,,,,68858.60938,39537.91406,43828.96875,39483.05078,51247.21875,,,52174.51953,43806.52734,46977.15625,56644.57422
,,,,,,,,52064.67188,,,64655.53125,71856.23438,66889.21875,67819.05469
,,,,,,,,,,,49131.68750,70942.72656,58582.28125,107962.01563
51917.55859,48168.98828,50197.90625,59002.57031,71135.06250,35820.50000,40258.94141,28486.48242,65172.45313,,,49785.89063,38281.75391,39165.48047,37592.08203
129936.88281,108982.10156,123704.12500,80724.89844,,,,,,,,,,,
80018.43750,79777.12500,78663.07813,79567.33594,69560.42188,62609.36328,73770.24219,95280.23438,,,,,,,
88190.26563,107619.28906,94550.66406,102223.89063,154831.29688,134656.84375,120904.92188,224522.15625,126802.64844,,,196302.90625,95412.44531,148302.17188,195443.43750
,,,,,,73552.67969,84277.18750,71745.99219,,,78718.23438,91721.11719,73454.96094,54136.83203
,53595.49219,64618.17578,70387.15625,117006.39063,61498.94922,63672.02344,95473.79688,57495.23828,,,113256.03906,68888.17188,67127.32813,53790.42969
,,,,,,,,71957.65625,,,69555.44531,64590.08203,80970.46875,75645.07031
86769.69531,88016.25781,82225.80469,60157.97266,64672.12109,67319.20313,61986.60938,122383.55469,64073.38281,,,64537.00781,78253.12500,87346.63281,83342.28906
,,,,,86864.65625,83156.27344,87427.46875,75920.57031,,,113662.66406,66478.78125,50333.56641,80742.07031
,,,90589.88281,94242.42188,80422.68750,91579.96094,74900.22656,160616.43750,,,89730.90625,72749.64844,102114.85938,88339.50781
,,,,,,,,,,,75969.46094,83396.75000,89681.03125,72360.43750
132568.42188,151469.65625,75279.77344,70292.90625,115442.89844,114249.84375,82942.89844,101472.97656,88320.13281,,,93549.33594,71985.59375,91796.46094,49383.99219
,74714.52344,50588.57031,64012.24609,50479.65625,42786.81250,43647.48047,49528.22266,59230.62109,,,58480.63281,92246.75000,124132.99219,66968.04688
39235.61328,48077.75000,44547.58594,48183.82813,40733.65625,46805.66016,53319.42969,49781.47656,41586.08594,,,39891.28125,52346.71484,39200.38281,54071.14844
,,,,,,,,63904.76953,,,56759.21094,84781.82813,88799.50781,88660.99219
,,,,,,,,,,,64305.02344,42628.82422,42808.93750,71433.09375
62804.73438,63002.16016,52025.95703,54308.20313,56987.55859,68261.14063,67339.75000,241151.54688,68107.15625,,,97862.78125,81714.25000,101290.24219,81143.24219
,,,,,55079.00781,65866.64844,62845.00000,71570.97656,,,116544.22656,55007.35547,62232.78125,68267.45313
,,,100511.87500,101596.92188,107791.75000,104640.77344,89354.82813,100610.93750,,,102486.37500,80054.39063,80627.80469,88821.53125
77358.71094,90714.19531,82663.67188,101000.38281,99082.66406,67572.95313,55350.61328,65904.97656,133071.28125,,,81663.84375,83887.07813,,
48262.23828,51996.49219,44853.66797,57974.48047,45991.27734,54936.42188,79523.57031,82079.37500,118043.13281,,,107900.46875,122074.07031,107321.25000,104246.83594
75842.41406,78688.58594,61692.44531,69544.36719,71587.89844,71612.28125,80387.17969,127319.45313,97298.74219,,,86737.34375,87704.64063,889039.50000,55787.55078
,,,,,,,,,,,102908.00000,60929.93750,49825.26563,52855.87891
,45252.34766,68993.29688,69290.94531,81141.38281,82242.19531,103165.45313,90287.57813,69777.61719,,,81711.52344,89770.36719,114082.17188,59784.44531
,,,,44713.28516,60232.83203,60880.79688,50325.55078,,,,,,,
55337.94531,,,,,,,,,,,,,,
,,,67159.40625,72882.28906,73853.23438,65033.81250,66969.39063,139468.54688,,,77952.28125,,,
,,51591.94922,60140.76563,52890.26953,53440.94531,58600.94531,37077.59375,56757.10156,,,38086.46094,82930.71875,82954.92188,73918.55469
32535.25391,29328.16211,48437.50391,38577.25391,69214.46875,44620.55078,45787.07813,42956.77734,49575.48047,,,72350.64063,78286.85938,38799.21875,44762.43359
,46218.81641,47233.57813,61962.49609,72625.98438,58258.64063,57731.33203,66157.67969,54853.39453,,,64097.03516,62286.99219,61427.49609,67769.59375
43622.92969,40095.86719,42355.08984,23030.25977,71996.71094,57230.73828,66296.88281,33074.75781,49758.26563,,,50704.58984,62615.99219,66778.82813,53544.86328
94002.75781,99112.34375,76622.05469,112093.92188,57266.38672,92463.15625,78299.92969,54942.02734,44577.80469,,,67060.14063,102790.98438,84652.71875,63611.02734
,,,,,30259.51367,45605.74219,47208.62891,53805.61719,,,57235.86719,58529.56641,58372.37109,66423.14063
69043.51563,80022.32813,93269.71094,97086.01563,92887.92188,110050.96094,87824.07813,83878.60156,92644.63281,,,80470.17188,85765.66406,75672.49219,
,,,,,,,,,,,56278.58203,53961.78516,49733.64453,64764.02344
,,,,,,,97445.00000,88121.74219,,,72528.94531,61113.53906,51693.55469,63952.01953
59457.00000,50576.75391,70252.75781,75226.87500,63169.83594,49026.23438,48167.83984,138228.07813,42322.50391,,,52590.50000,49873.32813,67670.52344,59361.53125
52690.00000,59454.73047,55163.27344,34626.79297,72041.42969,88506.64063,22559.79883,37125.18359,66814.62500,,,89640.07813,77568.28906,,
61950.73828,79790.43750,68851.97656,75254.92969,89657.42969,93042.00781,76909.39844,,,,,,,,
,,,,,,,,110374.79688,,,78619.20313,91895.00781,93525.07031,46922.39844
101452.56250,95198.67188,79983.18750,81442.88281,72028.10156,85105.45313,80000.81250,51267.40625,,,,,,,
,,,,,,37196.77344,65275.51953,75026.98438,,,53601.67578,65488.51953,64467.92578,72668.66406
,,,,71600.19531,85421.11719,70778.57813,90311.94531,74873.80469,,,117490.89844,74775.39844,118152.49219,102551.97656
,,,,,,,,,,,70573.81250,80650.79688,78269.99219,109818.63281
,,,,,,,,,,,128414.62500,121484.67188,125896.87500,186521.00000
,,,23432.76563,39266.38281,23684.48828,25732.59570,20033.34180,21683.77734,,,15856.85449,11736.94434,14863.22852,18915.18164
,54025.99609,68043.98438,47150.85547,53845.45313,40287.05469,57750.05469,62926.92188,42355.81641,,,46935.37500,60111.00391,72486.00000,46861.26563
72450.75781,96821.94531,97217.03125,56579.51563,89435.39844,90907.58594,79408.37500,59767.85938,76145.42969,,,62641.19531,59444.69531,163370.45313,89353.46875
,,,,111459.76563,79607.18750,85892.37500,90598.42969,75348.79688,,,95222.00781,83009.68750,105656.88281,70941.98438
,,,,,,,73620.18750,83400.25000,,,86425.14844,,,
65669.95313,68068.84375,84826.87500,78329.13281,71841.98438,144183.54688,51808.15234,88690.58594,75554.44531,,,100555.68750,82607.40625,72629.72656,69795.91406
44607.40234,42216.56641,44746.60156,27066.80273,37360.38281,45561.40234,25134.96680,43680.04297,29074.04883,,,64217.07813,53286.89844,27684.40039,46778.88281
32130.45703,35482.81641,79891.71094,69988.95313,60201.41797,84050.75781,51198.22266,50344.80078,49827.78516,,,56227.61719,89373.57813,80251.90625,98976.42188
56409.91016,54497.83203,59679.46094,75536.79688,78414.03906,67402.26563,93188.53125,57998.14844,53466.48438,,,59371.09766,91636.22656,80847.25000,96787.23438
137519.89063,49572.07813,92452.57813,74171.70313,65767.28125,109178.82031,49509.57031,63980.99609,102676.64844,,,58209.26563,84587.35156,62671.13281,94564.46094
,,,,,,,,74174.82031,,,92347.97656,70516.21875,131138.70313,112414.32813
38073.96484,44570.44922,58668.43750,70390.97656,74786.45313,64756.05469,74072.25000,64862.98047,66013.67188,,,4422.92285,58668.21484,54191.07031,60784.37891
,,,,54887.98047,5917.48633,23587.24609,34071.33203,21650.73633,,,24646.29688,26297.01758,29963.30469,33318.87891
,,,,,,,,,,,127581.39063,138146.51563,125117.79688,120050.89844
86742.14063,68993.03125,57886.47266,70324.01563,79153.87500,85293.14844,78273.42188,,,,,,,,
42758.87109,85693.80469,82830.10156,102442.78906,,,,,,,,,,,
54557.16797,41114.72656,46911.39063,60958.47266,66380.07813,36514.07422,87866.21875,128194.86719,61980.87891,,,84624.78906,57316.32813,82067.56250,54922.43750
,,,109543.64063,51433.17578,38313.63672,48513.08984,53445.32813,65191.41016,,,70550.25781,59856.73047,43243.34766,79318.30469
175285.95313,133982.92188,100062.74219,109653.17969,90451.06250,104763.89063,70319.11719,87811.17969,,,,,,,
,,,,98559.71094,152884.35938,61467.69531,64715.49219,65690.68750,,,128859.08594,79955.12500,60603.84375,58648.01953
,,,,,,,,,,,,,,
,77032.28125,64020.00000,59083.48438,65132.25000,58877.00000,82069.75000,61701.74219,44826.38672,,,56422.17578,46292.39453,40669.14453,106919.05469
68629.48438,49194.46484,75160.97656,70551.74219,58441.21484,68084.10156,76964.28125,65311.38672,79950.24219,,,76306.66406,106458.95313,57183.65234,54758.00781
,,,,,,,,,,,88147.54688,73642.65625,77368.14844,100169.77344
,,,,,,40994.60547,39930.48438,41906.17578,,,49557.09375,47977.80859,60814.29688,61221.05078
35653.94531,37654.55078,43521.32813,43329.50000,54785.95313,80088.52344,62643.52344,59663.30078,59621.60547,,,57637.26172,79334.95313,79019.92969,75797.80469
,,,,123629.47656,137644.93750,121957.00781,65311.57422,60321.58984,,,43635.20313,57328.67969,163799.78125,56182.05859
,,,,,,,,56375.59766,,,83545.68750,79766.32031,72658.40625,85217.61719
52791.29688,49806.83203,53736.90234,50117.68750,41129.62891,50936.74219,47066.53125,49943.67578,84637.62500,,,,,,
,,,,,,,93359.41406,54393.05078,,,90912.26563,116306.95313,101164.07031,104140.71094
,,,,,,,,,,,57805.43359,54697.25391,46620.78125,63144.23828
100724.70313,100413.76563,100652.68750,111311.47656,78762.53906,123240.53906,95137.32031,94380.21094,83534.29688,,,96838.38281,76231.96875,96624.64063,
48778.50000,34888.35938,59509.41406,68639.49219,69626.18750,63088.19922,57747.08203,56805.89063,47553.07813,,,97906.84375,,,
,37765.85547,49161.63672,55334.88281,44069.12891,68286.00781,40423.64063,86429.02344,90208.57031,,,51285.64844,47582.88281,41458.30078,49031.89063
,,,,,,,74272.00781,101394.91406,,,,,,
38530.11719,40320.91797,33994.53906,36553.96875,32332.56055,55838.75781,37487.65234,40033.62500,38221.05078,,,37468.31641,42057.67578,58841.41016,43544.16406
61051.67578,172922.42188,59908.52734,47295.46484,70852.93750,59564.83203,69115.59375,72186.46875,65142.62500,,,60922.67188,70225.63281,128392.58594,108058.22656
,,,,,,64764.82422,,17723.20313,,,,,,
,,,,,,,,53446.04297,,,45637.41797,52061.19531,63452.04297,67619.82031
,,,49511.08203,77588.26563,35632.80078,69019.88281,52844.79297,78903.57813,,,54941.03516,62287.94141,67782.46094,62834.69141
64712.28516,39815.38281,50478.74219,53948.66406,70248.47656,61784.94531,48097.74609,76600.64844,55146.01953,,,82430.96875,73830.97656,88122.67188,50726.59766
43601.34375,95379.14844,50823.78125,51107.48438,61012.73828,104188.09375,51959.96094,60132.39063,85183.00000,,,112696.21094,93793.39063,118876.17969,76796.89844
,,,,,,,,,,,81779.42188,92548.90625,71543.81250,61960.37109
,,,,,,,,,,,48130.73828,60127.28906,63084.22656,
,,,,,,63531.24219,38755.17578,40591.33984,,,94954.21875,38267.91797,50828.14453,44695.55078
,,63616.91016,58847.97656,,,,,,,,,,,
,68968.03906,68379.59375,84861.02344,92544.49219,102880.72656,88458.37500,93138.24219,106177.59375,,,74740.17969,91124.32031,97474.92969,99204.25781
67692.72656,62609.30078,66003.72656,72077.43750,64263.08984,94150.88281,125687.42188,133403.68750,101328.60156,,,69475.09375,110721.65625,124021.53125,131885.07813
47104.56250,73880.84375,56184.14844,53341.85938,65874.75000,95331.95313,80273.03906,65410.37109,69402.84375,,,66083.90625,75977.14063,86192.04688,100689.17188
74338.96875,67576.17969,61930.53516,60904.19922,76036.79688,73000.67969,65765.59375,77191.85938,71020.16406,,,,,,
55617.82422,71780.14063,,,,,,,,,,,,,
76355.00000,76020.48438,71738.66406,79327.83594,110865.35156,118213.69531,66395.46094,25358.66602,82237.49219,,,120463.65625,149972.34375,116511.66406,113709.50000
,,54846.75000,68022.25000,64826.18750,53269.97656,55022.14844,51442.93750,59918.92578,,,54585.37500,57078.17188,50185.36328,38089.10938
,,,,,,,,,,,53177.49609,64490.24609,61893.81250,64694.63672
,,,89022.76563,99960.87500,97804.83594,97912.81250,104625.40625,123541.19531,,,,,,
117828.42188,111388.14063,121567.42188,80544.42188,73709.89844,66455.64844,97746.83594,97039.27344,78189.86719,,,72225.03125,120912.76563,106037.33594,120957.74219
33044.10938,43369.60156,35410.77734,42876.88281,28940.51758,54009.61328,49284.57813,47546.77734,44913.03906,,,33477.81250,,,
114057.04688,76471.45313,92566.73438,105936.76563,91651.78125,86641.44531,82587.55469,129132.92969,94809.07813,,,154639.01563,75928.53906,49342.14063,64350.29688
,50261.85547,48180.01563,50799.60156,51530.82813,,,,,,,,,,
,,,,,,,,,,,63361.64063,50371.64453,87867.81250,46691.70313
,,,,,105407.39063,59674.39453,81532.79688,65153.18750,,,72168.43750,50777.03125,31351.27344,
,,,,,,47399.50000,4496.75732,41492.59375,,,40824.38672,56269.46094,71527.23438,
105105.64063,95764.32813,111110.91406,85617.91406,108677.79688,93168.09375,,,,,,,,,
57071.64063,57570.73438,40138.91016,52654.63672,61426.91016,40325.41797,46059.17969,49857.06641,58887.78125,,,40983.23047,49244.22266,56452.37109,60897.57813
,52228.18359,56054.73828,47722.17188,57799.14844,45122.76172,34301.34375,51042.89844,47360.09766,,,47605.85156,66520.25781,47998.26563,53378.60156
96533.45313,73234.00000,65472.09375,78407.15625,54708.62500,52217.27734,51208.03516,58958.64063,68251.76563,,,54569.96875,66214.86719,59075.54297,66909.00000
,,,,,,,97366.22656,42103.58594,,,,,,
,,,,,,,127698.73438,63916.71875,,,126447.97656,93304.49219,102849.42969,81502.55469
,,,,,95139.04688,93887.80469,60922.84766,54884.31641,,,86254.94531,121134.82813,85055.96094,87437.56250
114955.44531,,,,,,,,,,,,,,
67794.09375,53796.64063,40782.71094,81061.10156,102637.88281,73770.03125,90182.50781,112354.74219,84859.64063,,,49761.63672,,,
103108.30469,108979.19531,66863.20313,57534.34766,43687.25000,66916.21094,71031.21094,62249.99609,123624.87500,,,56153.50781,72260.03125,93643.06250,75999.02344
,,,,,,58888.00781,80907.71875,90371.74219,,,85232.73438,117509.04688,197462.70313,158856.06250
94960.01563,68112.15625,80300.36719,80747.84375,78128.59375,79960.92188,95743.32031,63293.45703,74061.64844,,,87570.50000,98992.75000,98570.52344,86667.72656
,,50034.54297,46978.63281,50449.72266,89205.23438,71441.53906,72174.28906,58872.67578,,,73001.72656,65004.54297,79344.48438,86557.45313
38899.29297,34375.15625,42546.53906,45162.88672,,,,,,,,,,,
,113825.92188,84003.00000,119846.36719,71861.99219,77882.57813,105914.24219,133711.28125,66153.96094,,,79518.03125,86230.68750,168262.46875,103025.44531
,,,,,40094.53125,51471.54688,57328.29688,50783.37500,,,46059.53125,46543.70313,59204.30469,62093.16797
,,,,,,,,55549.39063,,,65336.05859,64343.91406,57077.89844,73000.96094
82945.50781,78622.20313,77211.14844,81362.76563,77623.78906,73726.70313,93886.37500,90127.56250,78215.82031,,,85706.63281,83716.85156,71620.67969,68426.10156
,,,,,,129079.12500,118781.89844,127757.81250,,,141948.04688,137253.79688,120438.38281,153033.00000
,,43254.52344,44074.97266,45912.26172,30064.17383,30906.48438,35218.26953,35154.84766,,,33279.30859,47642.27734,46104.62109,32174.94922
,85751.84375,79381.26563,76769.57813,65664.62500,70882.46875,57593.74609,55433.65234,72759.15625,,,86650.69531,84250.26563,95219.73438,89164.75000
99899.88281,101117.09375,84081.46875,70805.99219,112929.24219,107515.47656,147559.96875,81395.13281,84586.46875,,,129323.95313,117841.00781,89905.90625,101983.86719
,,,,,37411.50781,25170.10742,52577.21094,41139.55469,,,48549.69922,65846.54688,69448.72656,48541.55078
,,,,18265.66797,19034.99609,,,,,,,,,
,,,,,,,,12323.35449,,,14431.33301,21067.28711,20848.07422,33251.86719
,,,,,,,66715.42969,59629.39844,,,100339.19531,96185.81250,58252.58203,105775.44531
,,,,,,36368.80859,128891.16406,,,,,,,
,,,,,66904.40625,38679.15234,43655.80469,59833.38672,,,50373.90234,77395.67969,94759.36719,39297.28906
,59571.64844,45217.83594,57211.19922,75499.99219,76820.48438,77861.11719,107401.21094,82783.50781,,,87756.67969,108593.77344,99965.35938,80265.00000
,,,,,,,,,,,,,85017.11719,87709.24219
63430.50391,51977.10547,52012.66016,,,,,,,,,,,,
,,,,,,77425.13281,93544.60938,94189.32031,,,108460.35938,75204.35156,85794.13281,66944.67969
,,,,,,,,,,,77166.53906,104218.90625,81974.47656,
,,,,,,,,,,,26102.45313,33210.57422,18025.75195,41739.49609
61848.31641,70352.52344,50921.78516,132844.18750,143872.01563,50495.01563,53452.82422,75096.35156,63125.63281,,,93408.12500,62962.39844,71655.10938,68307.76563
,,,,119209.15625,121351.16406,95677.60156,64199.75000,75808.07031,,,49459.40625,57643.19922,76664.74219,70539.82813
61982.65234,84625.19531,59214.18359,19644.15820,78303.73438,89227.18750,84195.40625,59989.42578,77319.68750,,,68509.54688,129418.95313,89150.46094,48813.26172
,,,,,,,,,,,63373.24219,75550.69531,75927.67188,102428.53125
,,,,,,,,,,,,72439.49219,75776.77344,96499.30469
198786.26563,91080.88281,215613.21875,180989.35938,185522.92188,196256.48438,122376.20313,120435.74219,165338.78125,,,86482.36719,87757.01563,78210.74219,96798.31250
