78908.77344,,,,,,,,,,,,,,
110740.76563,67775.02344,124188.17188,99777.62500,64788.36328,67846.42188,44006.63672,45838.19531,24509.50586,,,,,,
,,,,89403.25000,71529.35156,127728.57031,100663.91406,65205.21484,,,75091.69531,73923.06250,87470.25781,64061.16406
90284.13281,79883.02344,77826.74219,60966.08984,34545.12500,9841.67090,39850.14063,176306.10938,65668.63281,,,54586.15625,25364.42188,50960.64844,69485.69531
,,,,,,,,,,,81463.15625,96654.77344,90029.63281,86907.75000
90134.86719,99012.39063,74535.96875,96077.82031,159193.04688,96056.28906,117080.06250,167419.09375,139401.65625,,,134022.92188,93630.55469,103401.15625,133347.09375
,,,,,,,,,,,23997.19922,18786.73242,18810.53906,19467.74805
104786.57813,80348.39844,133216.92188,114041.27344,89312.32031,145046.89063,164329.71875,150655.70313,126670.53906,,,166032.92188,106932.41406,128184.96094,115553.82031
64126.50391,56263.87891,107922.38281,72469.68750,116654.42188,95466.05469,55122.51563,127694.10938,93266.59375,,,106883.98438,123978.48438,87861.18750,124895.82031
,,,,,,,,,,,121379.40625,113669.71094,61628.52734,76066.53125
,,,,,,,,,,,59939.10156,59397.20703,74709.32813,92782.56250
,,,,,,,,,,,110920.03125,75739.63281,65625.37500,86502.74219
82007.94531,71150.93750,72668.38281,114023.87500,97711.04688,,,,,,,,,,
,,,,,,,,,,,99300.23438,59756.46094,48290.55469,56941.97656
,,,,,53900.68359,74524.24219,88611.87500,87325.06250,,,143398.06250,121305.46094,98111.25781,82195.70313
109104.50000,126998.09375,72541.11719,117103.96094,117059.63281,110718.90625,105201.41406,95256.79688,143229.81250,,,179179.56250,137345.84375,57351.21094,158492.12500
,,,,38319.01172,53780.01953,,,,,,,,,
,,,,,,,,69374.85156,,,58272.80859,55596.82422,82569.04688,58770.13281
117251.35938,156563.20313,106357.67969,217414.15625,93524.89844,77859.25781,119515.48438,71719.64844,46320.17188,,,39065.73047,39589.22656,55112.16406,28736.58594
56354.63281,55846.37109,60709.81641,61441.44141,57561.40234,66107.28906,61437.75000,61394.93359,58283.08984,,,58427.50781,44115.89063,36620.33594,54005.39063
77116.88281,70988.14063,91569.39063,60876.73438,67222.97656,80481.84375,52631.19141,52283.15234,27871.95703,,,63961.59766,34059.86328,40783.17969,35152.83984
,,,,,,,,,,,74095.77344,70617.57031,80982.21094,62045.87109
,,,,,,,,,,,55314.88672,48798.64453,71522.59375,65279.62891
75850.37500,89712.34375,107384.71875,65422.47656,56166.73438,55862.72656,107742.62500,133371.12500,64302.20313,,,116869.89063,114559.59375,94284.03906,77406.15625
46590.11328,58812.91016,,,,,,,,,,,,,
61986.78906,109165.38281,71966.43750,62445.61719,,,,,,,,,,,
79958.10156,56811.47266,45732.35156,60971.78906,71678.69531,88733.90625,81875.87500,83117.02344,73006.17969,,,81224.30469,78223.27344,109038.13281,82860.60156
,,,,,,,,,,,73151.07813,66154.02344,61178.09375,59661.30859
,,,90538.49219,35285.98047,48801.94922,45922.33594,67567.79688,48284.19922,,,80844.85938,56024.70313,45560.18359,60986.21094
,,,54426.78125,50835.22266,47931.71094,48686.75781,57591.00000,63949.70313,,,,,,
162820.15625,143234.73438,45666.10938,117616.34375,122052.53125,108142.86719,61521.29688,63144.05859,127368.03125,,,94040.95313,135306.65625,152445.10938,
61812.34766,83450.60938,68720.58594,81016.96875,68700.72656,74860.74219,48101.50781,61903.07813,69859.64844,,,67237.07813,43713.13281,63241.50781,64541.43750
,,,,51436.11719,45075.45313,45164.95313,42468.70703,52714.52734,,,70662.37500,57271.35938,61167.12500,63371.91406
,64711.42188,,,,,,,,,,,,,
,,,,,,,,,,,252735.50000,162004.04688,211910.00000,237065.09375
,,,,,,,,,,,64073.93359,57267.75391,39694.02344,62697.25781
82693.16406,84590.25781,73402.09375,80513.31250,55621.06250,82719.82031,89634.26563,122988.92188,86829.62500,,,92442.00000,119980.04688,74636.89844,90021.13281
,,37685.80469,54661.58594,46740.66797,31317.38672,,,,,,,,,
,,,,,,,,,,,90288.35156,68379.98438,83476.79688,62277.90234
131795.17188,82843.84375,59889.90234,79429.50781,84753.77344,45988.42578,79520.76563,61631.64063,59894.12891,,,71604.56250,45591.87109,91892.64063,117158.47656
,,,,,60253.51563,152218.76563,86863.08594,81653.56250,,,110439.34375,74503.63281,110826.24219,86050.03906
,,,,,,,,,,,,,,
96589.17188,102433.41406,98551.25000,96768.40625,94915.56250,114692.74219,105903.53125,104652.05469,82005.67188,,,38345.98828,47918.41016,97757.65625,93818.97656
,,,,,,,,,,,57249.89844,45733.39844,46016.58984,67715.26563
86577.10156,114726.98438,114380.23438,91320.85156,107653.06250,93141.00000,979324.75000,113135.99219,116723.64063,,,130576.25781,97726.52344,106888.87500,114241.02344
91909.99219,57214.41797,51603.31641,66185.38281,56162.61328,67401.36719,49656.67578,61186.49609,86532.60938,,,108043.79688,92846.11719,85771.80469,116258.26563
52510.71484,80144.45313,,,,,,,,,,,,,
90460.64063,52814.91406,42765.60156,48150.57031,,,,,,,,,,,
71332.95313,92936.74219,,,,,,,,,,,,,
,,,,,22682.74609,56282.39453,22342.54297,42417.78516,,,51436.55859,36818.57422,75799.67969,43707.17188
,,,,,,,,,,,33035.22656,32881.62109,36683.63672,35281.60547
,,,,,,,,,,,52631.94141,71601.35156,76587.78906,95285.05469
52199.20313,53019.90625,48637.89063,65779.14063,62544.73047,,,,,,,,,,
,,,,,,85121.28125,77333.55469,85603.05469,,,75418.17188,95060.50000,70791.40625,75351.88281
,,,,,,,,,,,94175.21875,83374.56250,95472.06250,65545.06250
,,,,,,,,,,,195514.65625,205038.14063,126538.08594,127977.07031
137798.60938,103893.21094,93794.01563,118506.03906,117679.06250,129598.90625,133983.29688,,,,,,,,
206300.10938,179853.40625,178632.73438,168540.46875,167027.89063,185228.75000,334341.18750,307899.71875,325794.21875,,,254865.70313,242391.09375,177443.53125,194289.56250
67074.85156,,,,,,,,,,,,,,
90792.52344,84264.00781,82572.03906,75001.58594,77427.71875,122380.17188,190926.18750,84223.75781,102582.29688,,,116208.50000,31030.43750,32036.03516,94078.53906
85169.19531,62847.57422,51778.81250,86716.25000,54714.52344,98230.71875,60118.68750,117048.46875,82400.15625,,,,,,
129225.69531,110500.44531,131037.19531,112164.49219,153565.59375,143333.39063,126267.46094,115233.14063,116121.64063,,,164505.65625,153567.20313,185267.43750,144639.26563
,,,,,,,,,,,68641.07031,82782.56250,,
77066.00781,72079.35938,76321.87500,65263.57031,,36373.10938,13745.57129,57547.24219,49013.09766,,,82250.12500,123575.36719,93756.18750,64241.03125
64249.60547,71842.25781,60145.64063,76965.89844,74624.30469,100599.32813,14884.76172,5923.75391,58323.23438,,,96542.75781,46730.90625,70655.56250,
72446.26563,36083.64844,80775.57031,106184.88281,54429.53125,55293.36719,103106.14063,118514.17969,54761.19141,,,64445.67188,82527.87500,70618.24219,66707.21875
,,,,,,,,,,,111510.58594,51989.35156,125524.03125,
,,,,,,61901.12891,,,,,,,,
53937.65234,76387.70313,140645.28125,66906.44531,118883.10156,46229.44141,48547.98828,55778.50781,76120.67188,,,44860.42578,71054.37500,59267.51563,60221.00000
70526.98438,,,,,,,,,,,,,,
,,,,,,,,62373.48047,,,72440.73438,58079.84375,49733.16797,71754.33594
59688.45313,77485.40625,17054.93750,,,,,,,,,,,,
,,,,,,,,,,,,88962.42969,83010.16406,123569.82813
,,,56509.08984,71279.29688,62876.65234,143598.40625,110849.81250,168031.56250,,,99286.41406,88440.32813,87492.53125,92915.29688
96575.71875,129815.25781,130620.34375,94320.91406,115905.23438,101764.58594,15669.45605,108756.59375,102667.64063,,,106257.00781,119971.81250,,
66403.82031,83266.65625,57972.48828,55735.17188,72258.58594,96155.36719,79330.10938,89878.21875,59595.68359,,,100485.22656,100807.73438,91453.84375,98663.72656
,,,35340.53906,86501.42188,61706.33203,78745.94531,52119.01953,57682.18750,,,,,,
58276.25391,60034.52344,68434.00000,57407.73828,65728.21875,63009.55078,63676.08984,75020.89844,66106.09375,,,58479.74219,67022.10156,57027.95313,72584.43750
119086.32813,93260.18750,106401.40625,190815.51563,90449.17188,95328.67969,102735.42188,122731.62500,129267.23438,,,132042.51563,,,
,,,,,,,,,,,,105990.62500,84396.62500,97935.22656
63820.29688,99019.00000,56187.09375,42904.37109,46951.67188,45943.23047,44938.05859,65405.00781,87178.28125,,,79495.43750,102185.09375,140121.40625,46827.04297
,,,,,27503.71680,34211.14063,31470.28711,50366.17188,,,41508.94141,49312.88281,42944.28125,31038.93164
134338.21875,117656.84375,111296.61719,107782.29688,123257.46094,105316.65625,92802.12500,107137.78906,100555.21094,,,100129.27344,129224.33594,110710.03906,110151.97656
128006.96875,161479.45313,144100.09375,113631.66406,140490.57813,164507.68750,100271.56250,130750.83594,109590.76563,,,169761.14063,95359.96094,161256.45313,152733.81250
76696.10938,104140.31250,112037.06250,30401.42188,38178.57422,33314.87500,26506.30078,56852.71875,41358.27344,,,68667.45313,52766.08203,46581.49219,73735.42188
81845.74219,75520.22656,65406.37891,79346.37500,68754.80469,83596.85938,75883.36719,63531.91016,73437.79688,,,61566.60938,66374.19531,111576.85938,395613.56250
88355.09375,82794.48438,72254.72656,73494.27344,74104.32813,127364.63281,68460.56250,79615.46094,125340.28906,,,,,,
41220.06250,66014.74219,114587.46094,92130.08594,60984.23438,63965.74609,75256.94531,65201.29688,57100.44141,,,55553.25781,49507.39844,36076.87109,38259.37891
102075.32813,78582.17188,93335.46094,95951.45313,105071.46875,59986.56250,107346.22656,94096.39063,81799.15625,,,,,,
,,,,,,,,67412.23438,,,81646.24219,101686.68750,174717.84375,137900.23438
60481.60938,62311.82422,81781.06250,77507.95313,62655.05469,40156.02344,49504.70703,44448.66797,51001.29297,,,82745.38281,,,
104677.70313,139663.93750,87500.46094,71951.20313,68338.12500,66638.74219,52656.99609,89577.43750,87693.85156,,,51244.82422,50274.65625,70140.16406,77817.32031
35977.50781,57669.09766,60314.28125,57213.87500,41998.95703,37471.60547,49852.55078,41334.49609,59593.98047,,,34523.12500,50354.54688,,
56672.94141,60150.45703,61140.18359,113121.00000,80992.71094,49251.21875,53796.99609,38921.96484,28695.97266,,,,,,
44985.99609,38206.87500,49069.50000,42890.17578,46433.00000,53131.11328,47635.05078,46605.39844,47593.64063,,,29991.43750,40427.84375,47778.00391,36868.99609
,,,,,34538.63672,36750.72656,33372.26953,44301.43750,,,49783.32813,40475.79688,111814.61719,39369.38672
93518.56250,70973.85156,88357.03125,119215.41406,72075.03125,117684.89844,115426.39063,97193.39063,48665.44922,,,212092.37500,116069.27344,164665.43750,96761.75781
51746.52734,56176.27344,58421.65625,56538.95313,44168.46875,45309.65234,69746.94531,55441.21484,75966.49219,,,,,,
,,,,,,,,,,,80447.15625,71227.58594,114010.28125,100245.17188
,,,,,,,97227.78125,76905.36719,,,76392.00000,87610.34375,87277.68750,66429.85156
82274.52344,79041.25781,99835.88281,72202.10156,77524.65625,65011.23828,97256.81250,94518.47656,93238.31250,,,71220.17969,56691.48438,103444.75781,61784.17969
86961.71875,87886.83594,79820.57813,77665.10938,63844.58594,97709.46875,69788.39844,80701.19531,,,,,,,
53377.88672,61078.11719,69011.39063,79994.85938,78427.71875,85250.37500,79210.21094,64338.69922,63708.71094,,,49663.92188,53980.16016,56699.80859,56769.60547
57342.73438,56820.51953,63019.16797,75727.35938,53064.72656,66550.64844,74338.26563,56549.52344,73586.50000,,,71886.53125,60682.72656,81449.40625,76617.74219
72902.72656,76757.64844,72287.94531,84188.74219,47400.71875,64730.30859,45620.18359,79292.28906,78631.20313,,,125470.05469,69463.69531,143049.62500,116307.06250
51822.18750,67415.57813,93314.54688,73335.40625,51897.11328,50349.93750,55889.10156,41684.19922,65640.77344,,,70357.62500,61007.26953,73464.90625,59950.19141
21817.00781,60869.41797,10591.54980,64723.88672,38014.68359,53764.32813,45407.80078,97786.92969,77294.62500,,,106973.10938,74258.54688,129000.97656,113322.69531
85832.51563,28702.54102,29065.42578,27582.72852,25714.61328,53302.04297,33652.71875,50882.26953,32687.77148,,,33467.15234,49911.15625,28909.01563,
,,,,,,,,,,,63017.30469,74589.15625,91790.85938,
120337.11719,89499.72656,90930.13281,91830.87500,169416.00000,148009.28125,102211.11719,113561.57813,90530.37500,,,,,,
89564.62500,76842.24219,120074.14063,100654.89063,94515.32031,107084.57031,98848.41406,83543.46094,60943.82422,,,60200.90234,57290.42188,53453.63672,51513.43359
,,,,,99905.97656,110301.98438,146218.95313,72285.94531,,,,,,
,59885.96094,124093.34375,93691.11719,79544.42969,128535.55469,80965.29688,86109.22656,86318.80469,,,,,,
,,,,,,,,74367.54688,,,,,,
,,,,,,,,,,,64611.95313,72244.66406,91763.20313,
82075.07031,75007.16406,82244.39844,99130.67969,110193.89844,107701.84375,110431.23438,148505.84375,113079.36719,,,98962.16406,71974.88281,79422.46094,117707.35156
,,,,,,103463.00781,108285.89844,94578.71094,,,97498.17188,106341.45313,112313.28125,91124.32031
,,,,,,60420.90625,103713.83594,60558.31641,,,92433.62500,23996.87891,66446.26563,
115340.78125,104466.17969,47395.75000,109036.05469,99963.16406,113707.54688,144656.92188,81426.57813,76385.07813,,,109529.53906,84174.28906,47875.65625,62896.98047
84600.25781,74574.00781,96513.75781,89668.80469,70785.25781,86317.89844,72101.98438,68939.95313,83407.96875,,,96293.56250,89896.73438,100382.07031,84181.11719
111336.21094,151644.98438,114387.32031,182155.25000,125173.29688,96959.35156,172332.06250,120329.89063,107872.58594,,,96154.90625,93557.45313,147938.29688,140981.68750
110946.26563,58602.62109,73662.67969,87095.34375,48523.45313,737273.06250,65659.17969,67097.75781,,,,,,,
61159.83594,60166.29297,28655.14258,79199.85938,92493.85156,81106.17969,76774.41406,64313.73047,,,,,,,
,69654.35156,43218.48828,57384.53125,82887.54688,84022.71094,93341.51563,73142.21875,79168.29688,,,,,,
,,,,78302.46875,100539.28906,76488.07813,28407.88867,38324.67578,,,,,,
45883.41797,86834.92188,61120.65234,71412.38281,94728.10156,64672.05859,77374.71875,78812.35938,79648.64844,,,,,,
96727.71875,50684.08984,11685.84668,73330.51563,38954.90234,27143.10938,63322.43750,85984.57813,80432.35156,,,,,,
40490.19922,48081.92578,77169.11719,44752.78906,55305.17969,57745.70313,38682.65625,87833.12500,38938.63281,,,117946.92188,131300.89063,68280.01563,
,,,,,,,,,,,61019.71875,99475.30469,76592.60938,98017.64063
66277.41406,60507.51563,53572.75000,70948.00000,69307.92969,90932.99219,114212.36719,104073.00000,,,,,,,
,,,,,,,41711.48047,38819.65234,,,,,,
77062.18750,85156.68750,81782.14844,77844.85938,77245.69531,80704.19531,111102.75781,133188.73438,130531.06250,,,114035.07813,129822.43750,116956.41406,110411.53906
65939.67969,67975.10938,113863.37500,76928.39844,120325.87500,97268.12500,87979.75000,117380.35938,89004.60156,,,84193.32031,75872.50781,90720.25781,
7404.28271,108484.35938,,,,,,,,,,,,,
,,,56166.52344,41655.55078,56448.38672,63483.15234,93180.44531,77869.13281,,,77749.74219,67695.76563,76275.38281,67505.06250
,,,,,,,,,,,39198.28906,109444.75000,44708.72266,57749.83594
,,,,,59764.38281,63042.73047,,,,,,,,
118455.64844,65749.53906,69642.46094,61293.89844,67262.28125,65601.59375,42994.27734,53593.29297,81418.81250,,,55418.64063,41364.70313,53967.96094,
51309.61719,56889.54297,67875.67188,53325.78516,77655.10938,53008.68359,60626.61719,53920.73438,,,,,,,
,,,,,,,,,,,,,108598.32813,82736.07031
40861.15625,43223.10547,57326.00391,64979.62891,70945.83594,89522.17969,86232.99219,63799.60547,,,,,,,
,,,,,56001.67969,53727.11328,,,,,,,,
,99033.82813,88088.46875,74779.39844,70834.62500,68368.43750,59131.11719,78927.14063,93507.85938,,,66514.92969,90262.09375,102526.75000,119914.84375
,,,,,36501.12500,36217.58984,32963.56641,45714.86719,,,70406.96094,51346.23438,28479.77344,45444.71094
,,,67975.50000,59742.72656,72076.40625,80696.26563,99456.71094,117288.93750,,,88627.59375,97423.25781,96731.40625,100129.17969
102746.29688,,,,,,,,,,,,,,
,,,,,,119208.92969,126091.28906,114662.77344,,,111982.79688,141210.70313,127407.39844,229403.53125
87504.29688,84210.10156,88112.83594,86169.44531,116045.25781,92909.62500,79507.10938,124079.50000,119359.89063,,,83110.68750,83787.29688,83484.84375,
,,,,,,,,,,,202698.85938,,,
,,,,,,,,,,,53496.27344,4519.28076,12010.31738,115255.12500
96580.69531,75799.25000,94589.98438,104460.60156,94217.89063,90799.02344,79289.26563,92677.85938,106432.05469,,,,,,
56520.94922,46949.92578,42926.71484,64081.32813,48823.31641,101371.61719,68243.30469,67311.89063,,,,,,,
,,,,,,,,,,,56673.32031,78471.56250,76019.97656,48474.79688
122750.23438,95237.89844,132704.90625,86332.55469,76874.35156,69564.13281,97244.66406,84989.22656,58832.82813,,,72083.48438,57350.99219,,
,,,,,,,45353.66016,54079.55469,,,10134.13086,5374.47656,145875.89063,
105400.35156,80271.50781,77859.18750,71574.65625,98148.21875,80542.96094,107007.18750,115563.74219,100084.40625,,,72279.32813,,,
,,,,27432.35938,45211.62500,99808.17969,89492.98438,91538.13281,,,92496.75781,116904.78125,112385.60156,109447.78125
98533.77344,91305.86719,85901.63281,88737.79688,102994.00781,99328.46094,112565.05469,147213.20313,136227.50000,,,118703.07813,132979.68750,105348.29688,93404.03125
,,,,,,,,,,,38381.22266,40939.48047,57120.15625,43820.10938
,,,,,,,,,,,,,127577.13281,75702.00781
109558.68750,159732.00000,129122.09375,,,,,,,,,,,,
53105.07422,84387.60938,69510.54688,74952.46094,84034.64844,98973.96875,101629.67969,81281.64844,76807.80469,,,,,,
92687.14063,106290.55469,100927.10938,171025.54688,113913.99219,86780.45313,140770.07813,107462.89063,98266.32813,,,81630.51563,104229.24219,122136.71875,144664.09375
99007.00781,80751.07813,76405.62500,80020.34375,67228.61719,71066.71094,70180.30469,70668.84375,59990.56641,,,65933.07813,68682.05469,73087.06250,75353.03125
90986.51563,143996.79688,65656.48438,64078.14844,35929.43750,37747.20703,115606.83594,70438.65625,47513.50391,,,,,,
,,,,,,,,69524.40625,,,,,,
74582.96875,71609.20313,79897.03906,91207.61719,90362.69531,88709.19531,81067.43750,87224.10156,84039.05469,,,70868.40625,100123.25781,88698.71094,91388.19531
68005.13281,90109.60156,89143.23438,71709.66406,87895.04688,101030.25000,123940.77344,129809.68750,91916.21875,,,67300.97656,97600.13281,68614.49219,
,,,,,,,,,,,80702.73438,73300.24219,65438.76172,81805.16406
87047.42969,14444.71680,99372.14063,64631.61328,98359.99219,95017.35938,79919.82813,83423.24219,88378.18750,,,102962.18750,181003.17188,127960.46875,119269.31250
90209.51563,123294.96875,103323.87500,117812.91406,124610.04688,109026.38281,81463.23438,93517.31250,157853.90625,,,87039.96094,88736.35938,82256.00781,82250.90625
54077.69922,67207.78125,84826.79688,82549.60156,83984.33594,95505.94531,97400.12500,61595.79688,81161.58594,,,,,,
,,,,,,,,,,,87673.78125,172120.34375,58705.82422,105842.54688
,,,,,,,124959.07813,86142.82031,,,,,,
,,,,,,,,131175.10938,,,73310.51563,84117.71875,72688.96875,53965.90234
66200.03125,96578.67188,83823.98438,115602.64844,100258.93750,119770.84375,97372.25781,113926.59375,104987.13281,,,115408.55469,111136.98438,162302.81250,148414.65625
94431.53125,74924.59375,63628.86328,64236.19141,98116.77344,144087.87500,78213.20313,120071.62500,124586.03906,,,151128.26563,137832.51563,121249.59375,101770.89063
70531.15625,71372.75781,43820.48438,70999.03906,57381.35547,84812.96094,23327.45703,40656.00000,57936.45313,,,54906.88281,58865.88281,74616.90625,73523.29688
,,,,,,,,,,,82354.03906,91010.11719,91780.71094,73906.99219
85996.30469,86583.86719,99899.02344,92723.56250,189023.70313,55530.26953,65549.68750,53710.26172,53800.58984,,,71112.53906,66063.10938,71486.11719,53739.77344
,,,,,,75648.39063,89883.78906,79181.58594,,,73159.23438,108770.28125,87778.52344,86938.67188
68222.93750,48955.49609,61947.96094,72521.19531,80692.80469,64074.42188,72353.60156,74660.46875,48533.44922,,,51575.32422,59536.15234,59071.20313,
,,,,,,,,,,,48644.10547,68816.07031,92817.78906,39890.17969
73668.85938,47794.45313,67116.32031,74723.78906,72712.47656,33696.61719,43456.75391,67666.14063,49979.83984,,,63787.92578,78759.76563,75023.18750,58371.31250
,,,,,,,,,,,52571.54297,47670.67969,53836.87500,48934.86719
,,,,,,,,,,,80526.29688,47917.95313,56638.25391,46637.14453
112504.31250,69560.08594,59973.86328,53066.90234,103017.58594,107306.40625,65701.52344,69860.91406,98494.87500,,,101193.30469,75326.23438,86811.82031,142176.60938
,,,,,,,59070.58203,59271.87109,,,75567.05469,87469.17188,149720.68750,90132.71875
88358.89063,107699.68750,101366.49219,106681.42969,98973.39844,106296.42969,87026.42969,87182.18750,82289.74219,,,172380.21875,81787.45313,279602.81250,202166.21875
,,,,,,,78060.96875,68063.39063,,,104262.04688,107444.64844,99888.35156,73686.07813
62820.12891,114177.19531,82354.43750,92421.89844,64876.40625,52733.83594,57927.72266,86651.77344,102333.52344,,,39959.17188,30071.68750,,
,,,84396.78906,109525.78125,96738.96875,94753.94531,,,,,,,,
,,69073.81250,64422.57031,78173.98438,70267.77344,,,,,,,,,
106559.82031,85089.54688,66882.96875,140091.75000,107221.91406,77232.35938,61709.21484,,,,,,,,
,,,,,106241.50000,39153.41797,,,,,,,,
124415.89844,168217.39063,67385.23438,,,,,,,,,,,,
,,,,,82721.39844,70362.11719,61044.98047,84247.05469,,,68555.03906,65288.96875,71490.67969,105539.75781
42798.24219,50910.76172,56724.25391,43174.41016,45798.51953,51264.23047,55415.73438,85692.98438,,,,,,,
105111.46094,95683.25781,81976.27344,115688.01563,112787.71094,93730.17188,90215.62500,92437.50000,61973.90234,,,75807.85156,68092.15625,57702.54688,38223.45703
,,,,,,,,,,,84359.77344,74541.36719,76860.49219,83405.89844
97397.33594,60067.79688,75313.66406,91830.26563,74227.75000,61255.85547,71475.75000,66572.99219,71100.94531,,,41661.70703,49418.66797,47867.25391,58966.00781
,,,,,,,,,,,79887.75000,54925.42188,95078.17969,183266.59375
,,,71828.28125,57678.83203,75277.32813,81097.82813,85645.18750,75266.85156,,,65528.25391,81331.11719,88765.39063,78492.07031
64714.26172,131742.03125,90419.07031,83247.52344,77310.25000,65485.27344,70194.76563,64990.96875,74058.18750,,,95042.64063,69464.35938,77246.21094,104920.57031
59427.12500,68440.65625,68685.72656,107021.67969,43285.10156,58961.62109,136064.03125,14132.37988,36642.93750,,,,,,
152446.56250,64081.14453,100323.68750,190520.57813,84612.76563,126451.23438,138352.06250,111061.12500,148907.75000,,,121780.35156,96374.14063,111233.58594,113446.39844
,,,,,,,,,,,56043.99219,80168.45313,108764.89063,96680.59375
124985.78125,179019.51563,114193.75000,83040.96094,158680.42188,87430.72656,102407.42969,100820.90625,78175.32031,,,79341.23438,71188.40625,27028.65234,32213.81836
90974.10938,65919.81250,95418.90625,107108.87500,81019.13281,73098.77344,79500.82031,108927.24219,83165.07813,,,75778.93750,70078.98438,68996.06250,68375.60938
121317.02344,107976.74219,126704.25000,74754.93750,87819.13281,112550.78125,100044.03906,94528.92969,,,,,,,
77178.46094,62758.57422,72751.10938,43527.67969,82800.79688,92446.57813,94944.53125,121004.12500,,,,,,,
54687.55078,53359.26172,86184.39844,74701.77344,89753.84375,65246.95313,76973.16406,124248.59375,67584.29688,,,67030.02344,57179.72656,59071.14844,71950.72656
,,,,,,,,,,,79320.19531,115604.96875,74254.79688,83364.70313
,,,,,,37164.89453,86568.51563,62348.56250,,,53567.58984,70778.10938,97163.08594,75081.81250
,,,,,,,,,,,105621.11719,91036.25000,,
121289.49219,61219.29688,110166.57813,,,,,,,,,,,,
76450.67188,92648.78906,72939.58594,78388.53906,67298.28125,66484.04688,50136.95313,73889.37500,68223.32813,,,73884.64844,71361.12500,88140.14844,60075.92969
77382.75781,32822.09375,40965.49219,24727.40234,7834.53027,,36359.30469,39484.21875,30491.78125,,,44802.58203,49018.19141,52205.77734,30108.50391
189795.01563,151866.70313,159446.32813,179110.37500,148863.87500,148046.54688,130677.53906,138493.04688,100991.52344,,,100233.50781,124951.81250,116208.16406,105990.52344
86201.17188,84380.53125,104901.25781,74155.64844,,,,,,,,,,,
,,,86666.07031,88794.25781,97510.63281,59862.60938,79502.48438,72671.36719,,,53810.59375,50775.18750,53985.30859,39965.11719
,7356.87744,15117.56250,8932.63281,25862.00195,49434.26953,18306.75391,10414.07617,68272.72656,,,64142.89844,68703.54688,80559.93750,65895.17188
,,,,,57997.87109,64326.24609,68068.71875,72289.73438,,,74653.27344,68605.66406,77535.15625,67607.43750
,,69697.60938,72469.14063,58359.45703,81524.47656,82758.32813,74782.53125,69029.49219,,,84618.98438,,,
40825.28125,51164.20313,52442.45313,54781.92969,54878.98047,44330.68359,56940.56641,41466.28906,45036.65234,,,53222.04297,63575.91016,50677.95313,57793.19531
83057.51563,118097.17969,53566.21094,54572.15234,33065.64063,74403.15625,84153.34375,38742.53906,,,,,,,
,,,,,,73359.12500,62559.40625,108204.76563,,,97461.07813,135286.40625,153828.84375,140843.00000
,42130.33594,53512.55078,44391.01172,,,,,,,,,,,
,,,,,,,,,,,109049.15625,93298.71094,,88394.71094
,,,,,,,,60353.00781,,,59421.91016,127938.38281,114320.68750,
57057.49219,54111.69531,68413.96875,76572.08594,60918.83984,76050.71875,170385.09375,64059.08594,48093.48047,,,64808.01172,41779.91797,71030.93750,60024.39063
,,57823.40625,49253.23828,56890.90234,65469.97266,59057.40234,88098.38281,73124.01563,,,46574.96094,103618.13281,84105.68750,76551.78906
69519.30469,65443.69141,82302.61719,92910.07031,110597.12500,90176.91406,100390.68750,118417.81250,94936.83594,,,90577.96094,107330.35938,95045.27344,104150.54688
86476.92188,111036.55469,50080.51563,109536.85156,55884.46484,86052.50000,150268.42188,128339.82031,140103.50000,,,146424.35938,150356.57813,47588.19141,222811.45313
,67031.50000,79322.24219,62659.41797,93809.85156,69639.53906,87563.31250,85716.60156,66796.66406,,,111699.71875,116276.45313,85374.28906,127434.73438
92788.40625,86375.71094,128237.29688,88217.68750,79936.28906,74416.78125,74455.39844,69193.21875,78477.77344,,,64278.71875,81532.87500,66662.13281,84119.00000
105692.35938,81565.38281,73136.98438,99859.01563,132182.25000,172346.03125,197317.93750,129134.03906,142833.70313,,,68412.33594,117535.27344,165115.65625,
64936.51172,69443.62500,75102.28906,156332.23438,116746.24219,107876.28906,33124.15625,52434.44922,75181.19531,,,40637.70313,61989.92188,33501.99219,20966.23047
43382.01172,49562.48047,70737.61719,50949.42188,49671.78516,63870.83594,56140.65625,65341.16797,66354.25781,,,73522.31250,78713.88281,74350.10156,
30478.34961,59286.67969,38697.37891,54930.13672,59643.21875,47954.52734,32956.42969,38485.13281,38524.57031,,,,,,
,,,161319.35938,110221.75000,115021.13281,102547.96875,104583.10938,101103.11719,,,85299.08594,154943.84375,87403.04688,109427.84375
70099.30469,74149.14063,65481.39844,59007.80469,52418.94922,49797.19141,45202.87500,63050.84766,66675.67188,,,42218.01563,57415.29297,53558.65234,
,,,,,,,,,,,,,56224.18750,57468.76172
71832.93750,55111.58594,64257.63281,64986.75391,74244.39063,88298.65625,105468.92188,83827.01563,98308.41406,,,62745.94531,106152.88281,69512.14063,
81237.39844,69893.63281,144854.75000,119022.63281,109293.41406,65362.23438,64690.25781,61695.74219,69197.57031,,,93852.62500,71124.41406,,
,,,,,,85306.89844,115840.69531,44485.43359,,,49633.85547,77142.25781,91337.39844,75283.78906
,86682.10938,89192.56250,161497.92188,74099.59375,119516.28125,77379.36719,,,,,,,,
79569.92188,108917.99219,105062.45313,91701.00000,73397.96094,107975.19531,101576.96875,163315.76563,137580.76563,,,,,,
,,,,,,,,,,,71072.13281,127287.28125,111374.75781,70194.35938
,76145.93750,63878.63281,65351.32422,93809.85156,69308.65625,58337.69922,64751.98047,64873.06641,,,73286.89063,73938.42969,63579.85156,76056.23438
35049.39844,44418.75000,31422.99414,44617.35938,60252.42188,46686.27344,42029.32813,109158.20313,59252.03125,,,45934.73047,106263.08594,78963.57813,70167.25781
64771.86719,70126.31250,75562.51563,,,,,,,,,,,,
,,,45397.36719,85236.96094,104840.45313,156861.95313,112751.03125,141713.50000,,,132794.03125,88869.57813,84739.14844,142301.00000
64955.03125,54889.97266,59078.47266,61269.76172,49671.17188,38896.02734,38750.96484,35665.94922,8207.16699,,,,,,
103790.21875,106453.88281,73668.08594,72713.58594,108050.70313,116507.78125,111199.53906,97901.89063,136902.78125,,,,,,
47683.23047,56464.70313,37783.58203,63871.75000,,,,,,,,,,,
,,,,75536.00000,102607.05469,91260.16406,69495.10938,60679.31250,,,66309.34375,79263.71094,67901.05469,71744.34375
,,,,,,,,89616.74219,,,13956.57422,9406.75488,68712.91406,75679.92188
57512.67578,48708.35156,50699.94922,47246.55078,46309.48438,43511.91016,37865.39453,44954.26172,52764.97266,,,49380.36719,,,
87400.21094,48831.93359,52838.69531,62116.50391,45729.42969,82359.69531,39429.76953,54794.31250,,,,,,,
61910.45703,83025.83594,77231.03125,59241.18359,85603.62500,51318.62109,50967.59766,59969.11719,52466.36328,,,,,,
82377.36719,84957.70313,62108.15234,49574.10938,72082.93750,82479.09375,83837.49219,82207.53906,87461.91406,,,135237.76563,145020.20313,160404.89063,150572.67188
53332.09375,60362.84766,61553.22266,45573.26563,48089.53516,12866.41406,34571.82031,46642.88281,57138.67969,,,170250.93750,49426.72656,37372.14063,57201.92578
,,,,,,,,,,,,189993.85938,115264.90625,116106.80469
,,,,,,,,76759.03906,,,66162.22656,98083.93750,54954.23828,46949.65625
86669.70313,68216.29688,82208.95313,53786.99609,110202.72656,92476.82813,44030.69141,57458.23828,54737.74609,,,,,,
,,,,,56836.99609,46799.98828,65890.52344,,,,,,,
,,,,,,,,,,,75190.87500,,,
,,113198.37500,,,,,,,,,,,,
,,,,99847.02344,89740.40625,107853.03906,108772.77344,101375.38281,,,,,,
,,,,,,,,,,,77988.49219,124951.92969,145053.53125,
,,,93944.41406,99316.14844,93022.04688,890545.75000,66218.40625,96638.28125,,,,,,
75212.53125,96855.65625,133077.00000,109396.33594,126676.57813,,,,,,,,,,
,,,,,,,,,,,126146.61719,73608.18750,100540.25000,86638.79688
25267.80078,45461.92188,36274.79688,71328.93750,,,,,,,,,,,
55727.89063,55239.71094,66345.90625,59757.54297,133380.15625,38355.75391,49089.67578,22693.30469,43972.82422,,,30183.19531,,,
,,,,,48358.53125,3714.67334,42092.10156,8282.20020,,,38185.49219,35932.21094,8834.88965,24756.35547
,,,,5886.48975,60245.52734,50345.80859,116631.73438,56193.14844,,,84872.18750,172850.87500,108695.21094,90438.38281
,,,,,72679.19531,83087.85938,99679.00000,,,,,,,
168824.40625,119313.11719,58033.33594,98890.56250,85548.78125,62314.08203,58051.05078,66728.08594,53151.17969,,,68394.32813,86800.56250,58156.38672,120844.39844
67166.83594,68363.81250,67312.33594,75909.28125,64521.55859,,,,,,,,,,
60844.98438,55745.48438,78970.28125,54388.74609,59711.74219,71937.14063,78672.83594,84935.75000,74043.92969,,,84287.15625,80629.72656,81852.76563,141331.54688
125905.88281,104179.05469,89797.59375,123595.99219,173959.85938,171699.00000,169672.59375,139215.93750,124547.54688,,,109166.74219,146168.34375,118774.30469,66734.19531
,,,,,,,,,,,63432.37891,42548.00000,72170.35938,138235.59375
,,,,,95381.96875,66907.46875,48920.35547,40463.83203,,,61698.44531,,,
83211.08594,90047.92188,74557.22656,88975.15625,67057.14063,68394.59375,93756.90625,78816.57031,72657.22656,,,103512.94531,102858.15625,60988.42188,76969.93750
62023.80469,58455.42969,66664.22656,67373.60938,63070.63281,59463.06641,92917.78125,56680.67188,64220.08203,,,,,,
,,,,,,59562.89844,60070.14453,70154.47656,,,91312.14063,69545.42969,,
59719.25781,73898.88281,67155.05469,58455.65234,63920.19141,82429.00000,163574.82813,97967.92188,77800.32813,,,69107.67969,87128.40625,79738.71094,83761.00781
109978.04688,139911.50000,118611.30469,94970.07031,121430.23438,92791.50000,104276.46875,117244.20313,113530.82031,,,144410.04688,130642.64844,155183.70313,171644.98438
,,,70609.62500,73788.74219,51781.37891,69382.92188,62971.28516,60968.87891,,,68201.40625,60449.32031,73734.92969,59297.02734
,,,,,77583.08594,73600.95313,69352.82813,75583.41406,,,88898.47656,133112.40625,93152.46094,
54149.94922,67743.10156,34526.81250,90150.85938,117661.78125,79935.83594,97989.32031,88119.39063,136563.48438,,,,,,
64254.44922,80344.87500,71268.76563,69529.31250,127221.02344,65723.71094,70567.48438,65279.87891,68939.62500,,,83094.11719,107052.00000,93302.44531,112816.21875
,,,,,,,,,,,41748.09375,49725.20313,55363.17578,47384.35938
,,,78690.24219,91690.42188,67063.78906,,,,,,,,,
,,,,37543.89453,48475.81250,92343.57813,110762.63281,126614.38281,,,167617.51563,253005.82813,115290.52344,181340.09375
,,,,,,,,,,,87136.30469,62223.22656,77212.91406,89257.05469
63917.32813,60614.30469,74253.31250,,,,,,,,,,,,
54294.21875,45291.07422,62174.17188,52553.39844,33019.91797,68335.91406,36039.45703,59066.07813,79526.14844,,,37878.86719,48448.96094,97761.38281,86088.28906
,,,,,47279.27344,64074.42188,93494.75000,84200.14844,,,89628.45313,62321.51172,72351.53906,106239.88281
39477.96875,83075.57813,59266.38672,64226.69531,58605.30469,97485.06250,85855.35938,69459.12500,83592.71094,,,114367.14063,92736.47656,87399.37500,127391.11719
,53709.85156,,,,,,,,,,,,,
,81729.44531,69523.81250,73719.46094,66594.39844,73918.97656,61826.91016,53692.28516,39079.51953,,,,,,
94234.60156,110793.89844,91955.23438,98212.64063,85655.89063,70040.42969,82804.42969,90593.42188,79184.67969,,,90260.63281,90218.54688,76636.30469,63673.72266
74819.34375,63140.08203,80620.50000,52392.31250,58999.98438,50570.38672,59210.91016,47950.77734,80892.51563,,,68879.95313,54110.14844,73281.99219,49586.64063
,,,,,,,,,,,62477.36719,81609.26563,88568.10938,104293.17188
72761.24219,44550.47656,88320.55469,43015.19141,47103.84375,61819.95313,57533.02734,44784.25391,65793.69531,,,76063.05469,193570.68750,36868.53906,73576.74219
,,,,,,,2027.33350,385.00198,,,12476.55176,10776.49707,12038.18262,
76775.36719,65423.03516,65380.93750,63006.30469,48310.31641,16373.41016,49626.18750,47792.17578,53840.62500,,,75946.13281,105766.96875,123402.13281,154197.95313
,,,,,63820.17578,47674.27344,55522.06250,57086.71875,,,71846.16406,62423.16797,80687.49219,79257.43750
93379.62500,22901.84766,53276.68359,27891.39453,80667.64844,101192.63281,75605.54688,75899.93750,89749.82031,,,68728.71094,12920.71484,20468.81250,29421.25195
91142.22656,127850.81250,149939.59375,104807.46094,144588.78125,77660.89063,116144.01563,140502.90625,95734.64844,,,129256.75000,,,
,,,,,,,,,,,36531.62891,,,
79601.87500,75858.76563,110802.67188,80561.70313,41907.45313,56069.97266,64730.61719,56291.14453,74108.35156,,,63527.78906,,,
133891.32813,24054.18359,119659.86719,,,,,,,,,,,,
70996.80469,63520.09375,71937.68750,84208.09375,72525.89844,79645.07813,83258.32031,76158.35156,58131.98828,,,112397.71875,121110.57031,118322.30469,121988.29688
72758.04688,80782.27344,73819.07813,84653.85156,87875.26563,105437.04688,81927.19531,101656.82031,120890.96875,,,,,,
63604.89844,69851.52344,57669.20703,87882.64063,62587.51172,73471.77344,59184.71484,98934.80469,106054.93750,,,107832.88281,96731.40625,108017.73438,121500.54688
,,,,,,68972.96875,95995.20313,100080.58594,,,69327.03906,73727.75781,92080.36719,77350.96094
,,,,,,,,52944.21875,,,73022.19531,93404.92188,98512.63281,73438.57031
,,,,,,,,,,,72397.02344,65028.78906,59741.41797,63678.51953
131117.32813,100593.00000,118056.18750,123511.85938,89509.63281,148613.93750,152630.57813,152841.34375,128736.37500,,,128754.91406,132208.09375,152719.25000,236341.82813
101146.89844,230074.40625,78525.09375,89919.45313,128719.80469,154239.71875,128814.35938,103009.82813,124034.07031,,,121112.29688,97689.43750,100865.71875,
148854.35938,133233.43750,175254.85938,143545.82813,200813.26563,162684.03125,187024.73438,124325.28125,55642.28516,,,138514.43750,129806.34375,89157.60938,145027.10938
101444.82031,101034.00781,27457.35547,111708.03125,98371.81250,107833.28906,125005.08594,124819.25781,136796.03125,,,118242.10156,115751.25000,125520.07813,125649.42969
,,,,,131201.12500,116003.64844,143574.45313,63157.12500,,,,,,
51361.80859,39460.95313,76910.86719,56867.19531,80945.84375,83100.21875,43593.06641,38689.70313,56035.97656,,,89858.67969,90556.28125,79683.97656,91026.17969
127125.32813,75306.33594,77053.43750,91162.57031,41197.69922,,,,,,,,,,
102941.07813,81709.80469,69284.53906,65412.05859,68992.50781,72337.73438,67363.07031,51107.28906,69483.96875,,,89265.39844,98363.55469,85267.12500,66417.69531
191551.20313,57556.79297,133656.59375,117667.95313,139078.84375,155283.64063,120718.04688,143169.45313,142462.31250,,,67716.10156,67101.27344,66796.08594,79552.39063
112189.85156,87882.47656,105551.73438,89853.10938,113604.57813,115207.53906,74927.45313,81858.46875,94142.17188,,,78980.89844,90577.17969,,
42992.26953,,,,,,,,,,,,,,
64530.97656,86358.57813,110836.17188,66969.13281,81426.96094,128218.95313,989151.31250,89470.96875,87242.82031,,,117008.40625,92398.36719,121269.25000,112087.18750
50919.45313,35141.30859,52900.00391,38180.53906,33664.33984,44720.02344,106407.79688,61868.08203,47673.77344,,,49837.43359,66378.68750,59101.57422,39439.01953
129843.48438,105565.12500,139091.98438,103671.21094,111279.74219,113920.72656,117319.92188,97686.07813,180720.29688,,,,,,
106285.58594,86849.33594,152499.48438,,,,,,,,,,,,
93727.85156,96786.12500,82819.20313,74991.00000,89216.54688,67531.65625,70814.02344,68098.39063,63860.48047,,,61541.30859,59743.63672,40667.63281,55999.27344
45238.75391,38102.30078,38998.61719,50281.03125,43199.82031,57759.91406,41190.31641,46460.01953,52271.68750,,,,,,
72055.51563,75585.64844,129270.68750,44526.39453,,,,,,,,,,,
,,,,,,,,,,,148835.90625,74273.99219,84957.46094,81795.33594
,,,,,,,,,,,102428.23438,73181.91406,,
75985.39844,90623.32031,67687.69531,86128.52344,71870.89844,125092.38281,166511.64063,83428.72656,64984.58594,,,109408.22656,45125.77344,101935.05469,117576.75781
71670.28125,79605.82031,112253.10156,139602.68750,147108.79688,,,,,,,,,,
,,89456.89063,118750.52344,52467.51563,75967.42969,55321.64063,41476.13672,58527.77734,,,48300.55078,85237.60938,75696.45313,81775.67969
86071.95313,55060.83594,56452.31641,60462.23438,72804.55469,104344.21094,77349.26563,61228.75781,55327.44141,,,67645.81250,102811.38281,72908.63281,52682.21094
,,,,,,,,,,,1.28927e+06,57000.16797,47443.09766,51681.23047
,,,,86975.07031,58652.66016,73417.63281,65988.67969,62270.71875,,,62345.58984,109286.53125,71031.95313,78412.39063
127402.41406,127064.72656,98604.46094,108744.35156,92677.41406,70561.63281,95213.38281,59650.21484,76606.12500,,,87140.04688,92862.05469,98846.81250,59036.17188
,,,,,,,63199.72266,38224.40625,,,45758.87891,88987.11719,37206.21094,40216.11719
,,,,,,,,,,,60746.18750,114466.32813,125597.91406,125509.30469
,,,,,,,,,,,41409.93750,45167.79688,50987.28906,64839.17188
,,,,87987.30469,107559.98438,109518.88281,101463.59375,124283.78906,,,106747.07031,,,
129713.28125,47502.35938,94412.71094,69948.64844,92221.59375,103157.67969,44426.80078,53432.43750,75512.52344,,,89038.98438,,,
,,,,84062.70313,51986.17969,91424.63281,82857.91406,70036.82031,,,67968.30469,45800.17969,63743.16797,54521.12109
105010.06250,51460.94531,78932.25781,56649.75781,89506.04688,94313.53906,51414.92969,41882.76172,55182.63672,,,116444.57031,61018.90625,78427.64844,166578.98438
45178.69531,53643.40625,42130.29688,53260.01953,49035.96094,62674.00000,48788.78125,30144.04492,58831.14453,,,28617.18359,42355.17188,30130.01758,37991.08984
55481.30469,53240.92578,65262.69922,52662.11719,46044.24609,53639.97656,41268.52344,60522.46094,79776.43750,,,56806.00000,71126.58594,68996.06250,70525.03125
,,,,,,,,,,,,,59928.46875,30624.37891
56863.99609,50454.43750,64482.00781,71606.53906,54930.13672,60898.16016,82577.07813,71814.44531,58214.70703,,,,,,
,,,,,,,85034.87500,101659.82813,,,144250.93750,119688.96875,120345.03906,114988.44531
109441.51563,110244.66406,82909.44531,89697.36719,73451.87500,,,,,,,,,,
,94388.03906,93834.63281,89138.39063,34357.85156,85385.92969,1.17989e+06,99295.12500,122777.51563,,,90118.36719,94732.35156,254259.03125,279147.46875
,16700.59961,12860.19434,,,,,,,,,,,,
,,,,,,65261.20313,57342.73438,52687.83984,,,115329.45313,105460.07813,64970.02344,43485.27734
,,,,,,190361.31250,135019.34375,298576.37500,,,103853.19531,125186.07031,121210.75000,141972.54688
,,,,,,,,,,,,78043.69531,92580.07031,106485.96875
66976.35156,89303.80469,67285.25000,49321.30078,54427.08984,96843.74219,97003.00000,98287.60156,110211.34375,,,101319.71094,81374.09375,,
129696.71094,,,,,,,,,,,,,,
,,,54577.77344,34173.21875,86192.04688,56889.54297,51209.94141,75079.01563,,,,,,
,,,,,,,,,,,,64791.94531,58883.57031,76427.12500
65588.89844,75307.91406,50307.94141,60279.20703,62759.58984,51492.80469,123592.46094,32073.29883,51580.98047,,,65993.53125,51935.83203,76903.16406,64053.34375
84133.12500,146008.39063,95964.82031,83433.98438,109748.17188,,,,,,,,,,
73447.95313,92036.29688,87821.22656,98851.33594,100086.60156,84993.92969,75756.89844,88228.11719,74678.62500,,,36464.55859,69019.88281,61628.46484,58685.50391
70243.91406,60218.87500,76057.10156,41984.37891,53195.50391,72183.71875,110176.35156,111061.65625,84123.01563,,,,,,
86081.71875,69135.63281,72718.92188,56288.46094,69404.43750,50893.82031,52567.68359,57572.10938,82136.30469,,,,,,
59828.53516,44063.58203,61681.50391,45400.44141,44979.64844,48805.02344,36035.98438,63982.15625,53390.31250,,,67409.40625,77040.35938,63465.71875,54866.62891
,,,,,,54905.73047,77615.94531,,,,,,,
,,,,,51507.53906,80270.35938,,,,,,,,
72134.51563,76678.33594,81964.93750,68016.35156,71791.91406,57632.58984,70371.78125,61982.17578,,,,,,,
,123513.98438,121953.51563,141912.17188,100428.60938,140314.50000,145269.21875,167331.29688,164757.01563,,,126144.81250,120021.25000,160683.70313,106207.46875
61975.73438,57656.50391,45594.78516,41197.85938,55550.92969,36332.30469,56212.92969,69351.83594,53360.42969,,,63584.09766,55203.90234,,
106590.51563,128970.10156,108877.17969,123813.65625,132955.21875,121092.89844,55320.84766,101218.01563,62813.35938,,,,,,
74849.67188,48307.91797,67958.18750,60091.91797,49280.20703,44867.05859,99926.94531,67821.00000,,,,,,,
,,,,,,,44545.63281,34029.83203,,,39755.92578,38519.17188,74106.58594,10739.45020
,,,,,,,,,,,50357.81250,109903.18750,92817.78906,83492.16406
,,,,75433.56250,129869.11719,135857.09375,125722.18750,111335.89063,,,69981.21094,75535.64063,71192.88281,98129.96875
36530.09766,38190.80859,57494.41406,45369.58203,55147.38672,46543.83594,44510.81250,49742.08594,61605.19531,,,47362.53906,62703.29688,50634.37891,110774.67188
,,,,,,,,,,,59947.96094,78437.44531,59460.05859,52793.86719
117372.96875,79330.71094,192954.71875,,,,,,,,,,,,
110091.69531,147513.39063,68219.87500,83041.12500,216439.96875,105861.42188,139104.45313,253996.07813,179556.57813,,,55656.18750,66512.77344,77079.31250,68366.93750
82864.15625,49458.50781,,,,,,,,,,,,,
30807.84180,41076.78906,38753.95703,40014.08203,38285.76953,44043.28906,49893.64453,54438.35547,56129.62891,,,44921.90625,36855.56641,38452.00391,
,,,,,,83918.68750,31422.93359,106575.46875,,,106441.79688,105826.60156,113416.43750,97565.42188
,,,,,,,118071.95313,129683.10156,,,155393.40625,87806.40625,113951.03906,101817.20313
80388.33594,55929.51953,57291.46094,50104.06641,24403.08008,51694.98438,35447.30078,48289.91016,32090.31055,,,59947.21875,49725.15234,49166.13672,36795.65234
,,,,,,80563.08594,96584.65625,50853.50000,,,77513.42188,77578.57031,16560.44336,45901.53516
121697.22656,165401.70313,115766.26563,105778.46875,120875.28906,127584.18750,94252.39844,74840.10938,111345.66406,,,121666.35156,101199.67969,142309.14063,97682.53906
,,,21328.29102,42809.26172,29847.25781,44902.46094,36938.78516,23564.24609,,,24230.33789,39554.31641,41137.63281,46361.00781
,,,,,,,,43805.48438,,,77267.86719,73152.32813,84469.50000,95084.80469
,71718.28125,37933.26953,66428.01563,76483.26563,78357.22656,138732.70313,53372.94922,60979.46484,,,63085.61328,85395.04688,59284.13672,55946.05469
49836.48047,79196.39063,88821.44531,77890.30469,100739.88281,93570.57031,109211.10156,95541.64844,109302.68750,,,116701.04688,106902.94531,90974.79688,58707.89453
38190.41016,58904.29297,65527.12891,60800.60938,38083.98828,60613.49609,42607.97656,52645.09375,38947.10156,,,56463.89453,33631.57422,38631.04297,49595.15234
,,,,,,,,,,,124303.22656,150481.23438,96047.31250,
,,,,,,,,105086.70313,,,81668.59375,66563.21875,95365.05469,93789.99219
,,,,,,,,,,,53542.15625,67420.39844,53057.18750,
,,,,,,64433.62891,78590.86719,77308.55469,,,69091.14063,80685.72656,84316.74219,105194.28906
64076.92578,83573.89844,96959.81250,80889.50781,93254.14063,75738.33594,151879.31250,96601.69531,126619.81250,,,,,,
,,,,67550.66406,143058.21875,98121.82813,,,,,,,,
121193.40625,125405.92969,128046.40625,114436.31250,104203.00000,107092.74219,107802.44531,112417.75781,122324.97656,,,120510.07813,111615.06250,176205.76563,127278.78906
,,,,,,,64569.69531,69883.36719,,,62438.70703,64033.18750,70550.92969,77298.45313
74107.71875,66570.71094,51699.51953,59603.81250,45848.38281,60050.32813,65193.83594,41032.78125,46665.12891,,,52188.00391,65914.90625,63528.82031,55076.58984
,,,,,51558.45703,57651.44531,73479.55469,64118.25000,,,80074.77344,72127.01563,85023.67969,72718.02344
29274.95703,107636.02344,116438.57813,105722.79688,142760.70313,111997.32031,71378.00000,85497.96875,99205.96094,,,97567.64844,85164.80469,120649.10156,159383.23438
97689.15625,100224.81250,89380.22656,88205.40625,89958.91406,79910.00000,99632.52344,86935.51563,126621.50781,,,107693.52344,92902.71875,76094.03125,130109.36719
,,,,,,,,,,,77022.21875,95071.10938,58902.44141,78740.83594
,,,,,,,,,,,68061.12500,61077.12500,25049.13086,41482.46484
,,,98516.29688,106914.56250,78368.95313,73991.47656,102210.63281,104626.70313,,,139538.53125,106813.16406,102116.71094,
,,,52993.41797,67164.85156,108951.44531,81528.13281,99179.94531,85886.96875,,,,,,
66304.66406,73836.67969,83818.06250,65139.20703,105586.27344,87933.35938,92519.17188,83720.75781,95523.60938,,,88558.65625,80647.87500,78779.96875,75613.19531
20674.66992,104959.60156,106233.90625,108802.54688,145747.82813,102050.50781,60549.25000,61814.94141,86042.98438,,,82641.52344,94465.03906,91530.80469,74253.59375
,,,42453.68359,48444.61719,46570.83203,69747.94531,56785.19922,62923.01953,,,78725.59375,62061.55469,62008.84375,55303.96875
67975.23438,59667.05469,54155.67969,42368.90625,59499.25781,,,,,,,,,,
38595.32422,39509.56641,44388.89453,55573.50000,50828.82031,45331.60547,59759.93750,60649.34375,52252.59766,,,106944.95313,92064.03906,77489.61719,61026.64453
,,,,,,,,,,,55174.16406,68151.60156,17998.43945,81563.82813
76897.37500,84837.14844,81811.56250,64728.57813,53946.08984,53772.89063,,15835.54688,5986.57764,,,24727.45117,,,
58859.93359,52108.23438,54610.52344,64915.51953,65953.07031,42776.20703,63336.50781,93739.46875,54521.79688,,,50507.15234,54406.74609,41548.42578,41582.83594
71473.64063,80655.49219,68429.82031,160677.71875,71828.68750,62689.90234,72689.52344,49096.41797,66033.18750,,,54324.88281,81289.47656,63142.37109,54073.98438
63467.29297,72721.00000,65002.00000,63300.51953,51094.13281,74370.81250,57259.28906,70817.13281,61714.80859,,,,,,
55029.81250,81865.49219,56420.99219,50936.35547,52567.63281,54192.05078,44217.60938,39851.85156,50239.14063,,,74509.60156,99770.01563,48005.26953,47388.42578
,,,,,,,,,,,96755.21094,88784.60938,103685.84375,86554.23438
64467.86328,75197.39844,65312.38281,47801.51953,50695.40234,46798.07031,60467.65234,,,,,,,,
,96243.62500,84538.39844,64240.53906,57805.26563,95444.93750,70163.84375,89346.99219,66417.25000,,,61393.99609,54370.90625,50386.68359,50787.73438
87726.39063,89839.57031,77684.96094,80920.83594,70526.03906,71899.96875,57464.64844,91005.69531,72779.63281,,,72973.95313,80568.23438,71515.71094,101856.63281
153572.76563,151809.93750,151482.23438,142684.75000,130559.82031,151660.89063,,,,,,,,,
51066.02344,54029.39453,75344.05469,47956.08203,52011.46875,59154.24219,50261.80859,56156.71875,65540.37500,,,55616.76563,29884.76953,51918.74609,38300.85156
75380.05469,86778.88281,74082.21094,69504.64844,26421.02344,59780.05859,56512.53906,46664.81641,110423.01563,,,15254.46484,88320.04688,44250.93750,62160.12109
65009.31641,71621.97656,60612.51172,57389.01563,62588.82422,72597.38281,82993.61719,74842.39063,66854.07813,,,1222.90796,72324.00781,62447.93750,47755.72656
,,68264.26563,72495.26563,50760.47266,66028.78125,58440.04688,73087.33594,105165.30469,,,46601.53125,72874.57031,56808.11328,63037.92188
1528.15833,96928.92969,73009.94531,105447.20313,33510.36328,74475.71094,64122.28516,79202.73438,83338.95313,,,64243.23438,36260.82422,54965.92578,5583.69189
,,,,,,,46580.20313,,,,,,,
,,,,77287.84375,76066.31250,102080.39063,97892.64844,93707.46875,,,93381.75781,83762.60938,110044.45313,99211.73438
72476.25781,38595.87500,,,,,,,,,,,,,
,,,,,,,22954.63281,12853.89258,,,91006.99219,139306.23438,71270.39844,41564.83594
,,,,,,,,,,,97754.95313,91181.69531,78156.46094,135256.46875
64729.07422,48155.43750,63866.08203,67704.28906,79498.54688,69328.75781,67176.44531,58568.87500,59784.44531,,,53510.81250,49214.73828,45731.13281,49184.33203
,,44981.32031,42698.72656,54425.27344,64879.87109,62697.97266,67218.48438,60378.68359,,,52663.97656,71719.10156,65307.89844,
46323.88281,41209.52734,44650.73047,52061.34375,43589.32813,19592.96680,53427.59375,39504.51953,41656.98047,,,32891.37500,34801.59375,50655.62891,27375.83008
,,,,,,,,,,,129219.89844,97959.89063,136225.42188,
86147.82813,,,,,,,,,,,,,,
138513.90625,113284.98438,120376.25781,114367.57813,129703.01563,84780.04688,99833.11719,93986.43750,117000.81250,,,95800.95313,87129.90625,89747.76563,88072.42969
,,,,,,,,,,,78593.86719,17698.17188,54299.19141,63810.19531
,,,,,,,45511.50391,66923.16406,,,52328.19531,55702.12109,46331.61719,63385.69531
,,,,,,,,98814.39063,,,112454.64844,115203.36719,68367.92188,55089.30469
41782.62500,65228.60156,59092.44531,38951.33594,,,,,,,,,,,
71479.57031,80563.62500,89564.87500,81185.65625,77694.14844,70312.95313,81423.07813,59638.38281,75893.21094,,,52224.94922,62279.92188,15078.11035,97737.14844
,,,,,,,42113.70703,87816.11719,,,88959.46094,64075.82813,62928.66016,55452.42578
54143.13281,53681.83984,12329.84277,128541.43750,33862.00781,40303.65625,37237.48438,39451.96094,57754.90234,,,86050.93750,103154.14063,62954.11328,180422.03125
54552.27734,92266.81250,58243.75000,70361.98438,67577.39844,53416.84375,53550.53125,106253.86719,69709.96875,,,66711.48438,,,
78034.17188,75351.02344,47221.77734,52572.84766,73465.46875,65434.51953,170181.78125,,,,,,,,
67404.58594,72229.09375,64365.51953,56988.04688,58289.31641,65647.65625,45683.87891,,,,,,,,
48998.84375,88044.12500,58409.90234,96382.77344,101753.32813,64074.30078,67014.94531,148206.31250,76284.17969,,,80417.70313,87035.22656,,
,,,100710.39063,86565.53906,83148.65625,75282.64063,92929.74219,96259.78125,,,82454.78906,87163.23438,,
,,,,,,,60243.46094,75216.97656,,,110127.60938,87735.92969,109163.51563,81585.68750
120236.97656,116443.46094,103893.41406,101478.78906,82133.71875,88569.63281,107645.98438,113022.97656,89882.84375,,,92876.58594,51531.81250,92364.53906,60599.96875
,,,,,,,,,,,64229.20703,57958.55859,54866.89063,72127.49219
94612.62500,88659.80469,78658.95313,80672.10938,71911.96875,67990.53906,84418.52344,86308.35156,86337.99219,,,,,,
45591.30469,66762.96875,71264.00781,69370.88281,90149.31250,43544.95313,39336.88672,14167.14063,43496.39063,,,49827.21484,69056.29688,70106.72656,63333.73047
,,,,,,,59937.89844,71331.18750,,,42491.59375,40057.91797,59702.40234,69632.56250
,,,,,,64218.97656,78747.89844,71130.31250,,,65344.21875,69701.00000,62380.91406,58877.50391
,,,,,,,,,,,74044.84375,72310.97656,78421.74219,42038.10547
67926.96094,113434.93750,73937.23438,89856.61719,99702.67188,132571.45313,138150.06250,117012.42188,105580.63281,,,84224.79688,,,
,,,,,100337.66406,33989.96875,93849.93750,46840.66797,,,56995.38281,21768.54102,73474.22656,38656.73047
80642.10938,78312.69531,86137.07031,105991.64063,92857.53906,87818.46875,100403.71094,133097.68750,94202.78906,,,73209.62500,72356.91406,57732.76563,92474.17969
73456.64063,62039.18750,61961.96484,80802.31250,93247.74219,74123.54688,59323.33203,75020.89844,93313.30469,,,58479.74219,99166.23438,90327.62500,87162.14844
60009.62109,97830.77344,57869.02734,76195.91406,79818.21875,49568.71875,58266.47266,81131.94531,97949.05469,,,54866.94141,81458.80469,104950.28906,118026.13281
63768.16016,74953.89063,57651.28125,84392.67969,78509.14063,57164.07813,169934.29688,124027.20313,76731.07813,,,58570.55078,87850.04688,71526.89063,111382.30469
,,,,,,,49864.48438,41430.94922,,,45670.55078,42672.14453,58527.89063,43303.76563
,,,,,,,,56571.47656,,,49391.53125,63712.29297,56658.72656,62532.32422
59104.50781,58340.81250,60761.36719,46542.23828,83366.92969,108847.28125,99826.83594,62669.93750,75472.49219,,,66072.31250,77245.17969,65801.97656,85667.32813
,,,,,53186.11719,54733.98828,,,,,,,,
90206.75781,91019.57813,71988.67969,57838.18750,63024.15625,63485.03125,76634.40625,234932.15625,102099.85938,,,219578.10938,133723.90625,99890.25781,282432.03125
,,,67947.17188,132762.75000,132659.85938,120908.84375,157329.39063,88519.39063,,,135265.76563,181946.21875,55363.49219,120148.36719
50733.56250,66511.18750,60091.05859,53292.74219,63216.12109,,,,,,,,,,
69872.03906,71874.05469,54057.69141,70864.28906,111973.60938,99738.24219,84941.58594,69357.05469,128501.85156,,,62320.97656,47626.10547,44201.88672,53176.22656
119196.65625,88846.01563,116412.70313,138319.07813,109964.62500,120730.01563,100545.14063,95172.61719,125945.39063,,,74429.41406,63066.66406,,
,,,,,,,,,,,16443.12305,86495.64844,77308.11719,61916.53906
80666.41406,68977.10938,72964.07031,59835.44141,68927.59375,57653.64453,53105.98438,51114.30859,51487.69922,,,,,,
,,,,,,,116492.00000,97152.89063,,,92363.03906,118487.05469,77549.94531,124565.36719
,,,,,59999.60938,,,,,,,,,
68174.09375,143970.98438,76419.10938,87976.64844,104522.28906,91417.74219,105694.67188,81324.36719,92886.06250,,,73168.17188,136281.03125,134696.53125,116541.11719
,,69327.42969,66698.63281,89036.69531,117778.42969,95755.00781,71365.34375,,,,,,,
,,,,24963.16016,22996.92188,43475.61328,18514.70703,48015.16016,,,74386.62500,40573.45703,45597.48047,31637.62891
,,,,,,,60795.85547,62862.92188,,,45532.34375,44886.35938,73324.78125,52814.41016
186788.37500,128240.10938,193812.67188,237730.03125,111700.03906,108552.35156,86728.57813,92543.70313,181404.26563,,,80739.60938,89542.92969,105584.46094,145230.70313
73811.40625,66364.18750,95600.43750,135456.17188,78479.27344,53179.98047,88480.90625,75893.28125,,,,,,,
82527.00781,45644.07813,50161.58203,48637.60938,,,,,,,,,,,
,,,,,,,,68986.91406,,,89264.89063,90078.75781,71853.76563,72203.13281
128490.08594,128247.44531,86570.16406,142694.14063,119869.91406,106134.76563,90836.08594,107215.67188,49910.34766,,,114727.75000,122148.60156,116371.52344,117842.13281
54631.72266,66717.27344,81463.70313,94223.28125,88649.57813,,,,,,,,,,
,,,,,,81506.67969,66634.41406,87525.57813,,,,,,
,,,,,85533.85156,83819.26563,,,,,,,,
52214.28906,78502.62500,90664.81250,69550.53125,64014.75000,67588.22656,61770.44922,66561.37500,71402.30469,,,59043.32422,,,
39144.67969,40004.01172,48693.58203,49050.59766,55809.52734,62193.14844,43591.94531,55528.46875,48530.95313,,,52176.80859,53889.78516,58178.02344,62537.27734
65895.73438,57839.89844,34167.12500,36492.87500,43136.05078,62631.16016,88673.75781,49604.94531,57626.82031,,,49090.93750,56239.68359,45615.18359,48792.45703
,,,,114646.37500,62795.69141,72240.39063,64224.00000,47130.08594,,,35501.60156,43417.27734,38574.16406,43431.85156
,,,,,,,,,,,,,80336.44531,77427.27344
80999.97656,65409.68750,,,,,,,,,,,,,
43063.91406,44764.22656,35382.08594,45306.36719,66836.86719,45319.50391,95337.58594,69459.99219,,,,,,,
,,80017.60156,49337.39063,48636.68359,50802.89453,95876.63281,46715.75781,66280.57813,,,91202.04688,118044.92969,63109.68359,66964.34375
,,,,58536.15234,99974.69531,66616.43750,75987.14063,88379.45313,,,81606.23438,89224.03906,95611.65625,72666.44531
,,,,,,,,,,,41361.19141,67142.75781,34010.62500,46720.03516
125151.09375,78140.43750,96073.32813,66982.99219,90156.61719,88548.17969,83046.98438,76808.17188,80364.95313,,,,,,
,,,,,,55805.10938,53591.40234,45533.99219,,,59486.49219,72140.70313,72268.36719,
,,,,,,,,57535.60938,,,96678.19531,85051.74219,93113.82031,94829.69531
62581.24609,97986.98438,84735.42969,76623.88281,66302.64063,78904.56250,59269.89063,57637.42578,85492.01563,,,75444.14063,,,
92218.16406,106135.07031,99915.60156,113694.32031,118640.03906,105943.13281,79530.24219,83351.42969,95384.78906,,,72654.87500,76771.55469,48425.49609,46378.83203
93194.75000,93281.53906,111363.71094,101034.10156,105543.58594,89027.60938,95117.90625,78465.28125,93649.39844,,,65672.70313,96025.78906,91469.28125,93310.54688
82010.75781,70278.02344,67518.20313,70286.00000,69826.21094,132236.45313,93567.89844,,,,,,,,
82079.92969,102156.15625,89560.78125,85954.64844,108480.11719,168012.32813,85347.01563,91796.02344,100724.03125,,,73979.62500,66208.74219,70099.43750,82944.00781
74336.35156,126958.01563,69644.51563,57571.66797,64676.80859,60628.69922,47753.94922,59659.03125,58947.05859,,,56871.96875,60584.30859,69381.33594,61177.62500
,,,,,,,,,,,,20725.80078,44418.07422,67818.53906
,,,,,,,,,,,86225.42188,90548.33594,78047.71875,70701.19531
53582.46094,105145.14063,156335.21875,101798.26563,58504.23047,70355.21094,78578.35156,57383.26953,110916.32813,,,85109.59375,,,
,,,,,,,,,,,33715.35938,35673.23047,26456.82617,6072.61719
,,,,548100.68750,74157.20313,96509.70313,82892.60938,93208.44531,,,99234.15625,123057.21094,108720.08594,57217.36719
,,,,,,,,62548.48828,,,74705.97656,85812.05469,60885.67578,81378.52344
79438.14063,74894.44531,68002.34375,62906.87891,63433.83203,82887.23438,66113.34375,65683.60938,65446.87500,,,66594.20313,72429.47656,73285.77344,70858.54688
,,,,,,38198.75000,46035.20313,35021.16797,,,40140.32813,51053.26563,41832.66406,41066.99609
124184.61719,63888.74609,78161.08594,124534.25000,157257.82813,95806.71094,129187.25000,99178.33594,238384.32813,,,169761.14063,123991.13281,138837.39063,125489.79688
74044.07031,81637.52344,95199.12500,66466.03906,89920.39844,70016.18750,90394.41406,213195.76563,93220.26563,,,124627.51563,104508.13281,96633.57813,105954.64844
84565.65625,106641.45313,81252.35156,73929.47656,72843.37500,75792.31250,97756.62500,99827.97656,80319.36719,,,107796.07031,92986.39063,84193.71875,75285.94531
41995.31250,145125.62500,106572.32031,89691.12500,97837.30469,102924.98438,28870.19531,94263.18750,69439.12500,,,,,,
19646.76172,24928.16406,47068.86328,57794.79297,6373.07373,20970.92969,41802.47656,13429.07617,,,,,,,
84599.77344,80821.18750,76099.25781,95037.29688,82562.27344,66393.43750,89260.28906,86121.54688,89426.86719,,,77940.23438,78389.88281,82279.61719,80438.33594
,,,53102.49219,73497.70313,69754.92969,63146.10547,162409.65625,121350.69531,,,60153.44141,55432.17188,156556.03125,
97920.47656,83046.98438,85359.95313,85354.90625,100009.03125,95738.11719,141786.09375,119749.93750,147924.18750,,,125086.65625,76907.64063,80349.39844,57752.91797
,,,,,,,,,,,,98652.71875,14275.15039,10701.15234
,,,,,,,195173.35938,158300.43750,,,,,,
61098.44922,60994.52734,51278.55469,65627.31250,65557.19531,27183.47070,49381.78125,72143.25000,73114.46094,,,,,,
55787.50000,53292.79297,52794.16797,54725.58594,72448.75000,56663.86328,67894.57813,58001.85547,63034.37500,,,52922.86328,67978.92969,54437.73438,75804.67188
,,,,,,56159.18359,71454.00781,51617.58984,,,62580.23047,68936.80469,43787.35547,57344.75781
,,,,,,,108949.99219,61589.39453,,,,,,
60144.55078,58180.74219,54087.55078,62527.97266,68463.96094,55851.64453,72304.28906,89004.26563,53390.97266,,,93603.14844,70965.66406,61413.49609,75101.78906
57738.71094,51366.31250,73829.14844,83915.48438,35812.23438,39837.64063,50423.69922,50345.51953,36165.33203,,,,,,
,,,,,,,,,,,,,,
70754.68750,64632.96875,62173.10156,31188.30078,57720.65234,32246.61523,26230.59180,41224.42578,27406.23633,,,47129.54688,50867.90625,39439.92188,26178.58789
69115.72656,77725.57031,57757.76563,54993.66406,55633.84766,106016.10156,57358.53906,110971.76563,27382.64648,,,52932.60547,,,
,,,,,,,,67489.16406,,,60512.07422,,,
100939.71875,96444.01563,84526.78906,81604.98438,85994.57813,79232.87500,81719.46875,81182.32813,117039.98438,,,114358.74219,125684.17969,110838.71094,129067.67188
,,103024.75781,69202.18750,70475.34375,77841.66406,82161.92188,100386.75781,122362.07813,,,90138.82813,86933.94531,,
,65850.12500,56166.09375,45777.16406,43704.33594,68569.49219,64841.33594,78812.58594,65165.11719,,,68812.65625,74649.71094,73181.42969,88576.39063
53547.57031,62420.42969,93113.73438,78588.77344,73156.72656,94640.69531,145602.78125,88356.18750,151627.34375,,,,,,
,,,51661.17578,113347.12500,72968.66406,92717.72656,93741.25781,68294.02344,,,122041.94531,103477.51563,111825.28125,72837.05469
,,,,,,53850.94531,70717.17969,80789.13281,,,73300.10156,69288.89844,75535.42188,
,,,,,,,73137.12500,71521.36719,,,27055.86133,37363.37500,40160.35156,54080.27734
,,,,,,,,,,,80341.19531,138628.09375,59989.71094,76295.67969
62967.20313,47524.60938,43694.66797,,,,,,,,,,,,
,64627.91406,58989.17969,126334.07031,42927.73828,77379.00000,63258.69922,48090.50000,60920.92969,,,70374.53906,28339.94336,33050.53906,
75603.31250,78366.26563,67072.93750,71553.02344,63855.00000,98317.03906,63903.91797,62525.10938,42394.77344,,,104161.37500,,,
,,,,,,,,90251.93750,,,,,,
79847.22656,100775.62500,130394.94531,88196.07031,122221.19531,87943.67969,126944.33594,108379.92188,81161.42969,,,,,,
56715.22266,73236.58594,75517.78125,75683.96875,61498.89063,69040.03125,59323.33203,55342.90625,75149.93750,,,54055.57813,82742.38281,90435.79688,100339.76563
67148.77344,89676.50000,72649.74219,120426.55469,35802.74219,113640.87500,94384.53125,157072.12500,95725.33594,,,88205.07031,120081.24219,68997.11719,90878.54688
,,,,,,,127940.82031,82066.46094,,,,,,
,,,,,,,,,,,116135.71094,112318.53125,102146.71094,
92961.74219,80011.95313,127195.42188,157455.76563,190338.43750,182321.92188,185162.70313,113457.10938,179021.06250,,,59133.03516,87372.54688,135452.03125,150299.37500
52475.51953,67618.46875,117211.00000,77086.00000,75567.92188,109788.26563,75419.82031,86952.10156,77484.59375,,,61510.97266,79447.84375,79461.25000,72651.20313
80810.47656,220882.15625,,,,,,,,,,,,,
68847.38281,72270.02344,78429.14063,81414.22656,66496.53906,79172.97656,84879.79688,100462.42188,91469.98438,,,102740.12500,82107.17188,79136.89844,86831.11719
66798.25781,59251.80469,86979.88281,9056.32324,90804.47656,57587.26563,70740.31250,95534.00000,99535.37500,,,92185.98438,75119.62500,65142.37500,71141.78125
104052.75781,148510.79688,121637.69531,118345.67188,118938.43750,91974.17188,90850.38281,80077.67969,75219.48438,,,68161.47656,66234.32031,51727.53125,49657.53125
59602.05078,54596.04688,58348.04688,77981.20313,67485.62500,70945.90625,100544.75781,70608.67969,66934.01563,,,88495.00000,64936.51172,84043.86719,87009.58594
88621.93750,83430.16406,,,,,,,,,,,,,
33445.10547,54003.33203,29165.55273,31570.83984,,,,,,,,,,,
32964.50781,36902.83594,53550.83984,100972.93750,70516.21875,42815.91797,45480.13281,53600.75781,61160.47656,,,55809.31641,69644.05469,57658.64844,60719.37109
142455.92188,111556.75000,99876.44531,95862.46094,81602.26563,76960.75781,75915.86719,76907.64063,72916.28125,,,72046.99219,86357.17188,58556.08594,108771.83594
,,,,,,,,43046.95703,,,51142.78516,54698.82031,39365.96875,40431.27734
69911.96875,70703.28906,67723.85156,70834.21875,68777.62500,72134.85938,67237.71875,56477.51953,59341.21094,,,89277.74219,71514.07031,69520.09375,54603.23047
,,,,,,,,99823.03125,,,73149.96094,85082.81250,39520.19531,64905.86328
,,,,,,,,,,,106492.86719,132979.06250,96821.67188,127940.33594
,,68598.20313,109086.28906,73933.35938,,,,,,,,,,
172490.40625,157339.28125,164857.14063,125065.42969,155427.65625,101855.65625,88726.28906,103671.71094,118162.74219,,,154822.87500,199793.18750,115504.89844,166643.17188
,,61553.10547,64413.78516,96180.21875,95398.71094,89292.21875,28072.29492,61578.05859,,,71240.15625,65902.64844,54603.17969,64016.21484
40819.01563,63233.30469,72350.57031,103386.46875,110090.85156,83370.27344,51964.12109,105584.85938,77507.06250,,,51333.89453,67856.90625,163276.84375,97406.62500
124128.50000,163384.31250,154923.90625,162112.07813,260056.85938,182547.92188,180471.42188,233321.85938,232871.93750,,,,,,
115751.80469,93910.46094,79762.67188,62019.60547,96345.74219,68624.57031,74458.88281,47478.17578,51663.04688,,,35258.66406,,,
5728.33447,53909.67969,56617.94922,28192.16797,35248.67969,54212.16016,31602.67969,,,,,,,,
90076.09375,66742.28125,97924.49219,60412.95313,107925.88281,,1650.22925,,,,,,,,15208.44629
92205.76563,60352.60156,17210.50000,54660.28125,85086.38281,73828.16406,78373.96094,69509.02344,78666.07813,,,60926.16016,49971.21484,76981.09375,104436.69531
48210.07422,41105.19922,40040.61328,38180.46875,49285.98828,50773.68750,51955.59766,34786.46094,27508.75391,,,44662.65625,34842.73828,49421.12109,
124817.58594,106847.70313,105768.17969,121420.73438,124495.53906,136226.59375,124502.30469,124138.08594,118029.06250,,,110484.11719,119779.86719,116980.61719,110070.59375
66560.61719,57334.58594,66936.76563,59462.10156,87310.49219,66919.84375,81605.60938,85033.00781,74843.53906,,,61510.21094,63787.50000,69164.11719,61382.05469
85639.39063,56042.12109,88208.09375,68060.99219,92982.49219,146954.40625,119137.55469,102093.14844,87767.81250,,,134547.07813,108319.88281,82956.35156,201847.57813
145665.56250,190156.09375,132653.28125,168508.32813,154749.21875,138060.64063,145820.26563,132824.17188,181829.29688,,,142160.32813,145604.87500,164685.70313,147311.23438
107408.89063,108655.10156,109724.10156,66216.44531,88467.06250,124823.17969,96060.04688,64369.57031,55085.36328,,,60919.41797,89004.09375,60635.87109,92628.90625
105511.28125,69407.74219,85605.09375,85233.62500,74557.36719,71609.89063,71272.29688,65645.53125,75126.43750,,,90635.76563,,,
,,,,,142556.62500,122845.21094,133477.75000,103745.88281,,,93543.71875,,,
,,,,,,,162336.71875,89261.31250,,,87803.30469,85646.82031,116453.57031,99002.94531
136683.48438,129788.27344,114092.83594,99157.25000,72064.78906,120379.92969,,,,,,,,,
114490.78906,73507.79688,97121.48438,80569.69531,84934.69531,53144.44141,73216.25781,56988.80859,71446.92188,,,147980.76563,107364.75781,72812.60938,68178.70313
87778.10938,111370.51563,68797.30469,92623.60938,149416.57813,117471.17969,,,,,,,,,
84078.01563,112594.25781,104627.60156,57151.70703,,,,,,,,,,,
,,,,,,,,,,,26348.20313,20875.80859,30970.62891,34015.16406
49817.76172,48713.64844,59658.97656,58296.54297,60724.23438,61166.94922,55075.43750,43528.05469,84452.66406,,,63855.24219,68351.49219,88232.49219,74609.28906
,,,,,,,,,,,78358.57031,81460.20313,65523.69141,82217.81250
,,,,,,,,,,,33421.35156,38159.13672,86243.02344,40062.11719
117691.07031,106990.65625,70230.05469,104292.17969,88359.64844,76485.31250,81155.93750,126904.26563,104340.53125,,,95104.84375,81123.66406,65726.14844,38227.25000
84881.33594,76357.69531,68569.81250,124058.43750,36071.36719,48501.19922,18931.92969,52634.65234,120487.55469,,,43269.66797,71800.81250,70166.78906,84875.34375
,,,,,,,,,,,200649.39063,217919.00000,261717.85938,196652.73438
,,,80842.69531,84177.74219,109661.96094,99192.14844,110667.28906,122941.31250,,,157235.34375,89158.11719,82732.36719,89938.66406
65991.89063,62546.22266,66430.35938,47711.29688,54642.09375,55186.16406,44906.18359,49115.80469,80854.64844,,,56291.67969,,,
,76349.53906,74644.16406,,,,,,,,,,,,
81092.18750,,,,,,,,,,,,,,
135721.25000,95720.58594,162126.45313,135707.40625,75575.85156,70351.65625,118778.83594,163777.59375,81206.57031,,,117503.21875,122679.42969,82453.68750,226725.06250
65346.02734,46876.46094,73397.39844,60346.55859,57420.98828,49288.01172,61155.05078,95521.70313,60323.48828,,,62090.08984,59124.01172,104068.73438,73228.69531
,,,,,,,,,,,120036.82031,93200.61719,180011.79688,187725.20313
,,,,,,,,,,,,38033.57422,,
,,,,,76848.39844,94813.69531,,,,,,,,
,,,,,,,66961.40625,124045.07031,,,60708.25391,89912.85156,96051.79688,114336.28125
44265.87891,47268.18359,55714.17969,69553.32031,55011.39453,,,,,,,,,,
,,,,,,,,,,,,,94628.60156,43389.17188
,,,,80265.14844,76509.31250,93501.08594,94789.82813,96621.78125,,,93628.23438,107775.61719,73674.69531,54898.45313
,,,,42468.66406,41557.66016,39645.29297,44412.39844,48036.82422,,,62062.20703,84459.18750,67625.62500,45696.21094
57672.39844,61056.33594,,,,,,,,,,,,,
32159.58008,54884.63281,77442.78125,90590.22656,75439.39063,68361.59375,49199.72266,79978.15625,100395.18750,,,67136.03125,98081.13281,102439.85938,111681.18750
,,,,,,,,,,,72332.07813,82497.10938,73487.05469,67484.33594
98906.40625,103609.34375,104801.56250,107054.03906,95158.64063,111862.92969,101884.60938,101076.21875,86529.71875,,,,,,
,,,,,55326.28125,54524.86719,68301.05469,58426.22656,,,90893.62500,87507.96875,84938.01563,
69726.59375,95875.17188,62192.67188,92768.85156,60477.97656,158366.12500,111170.48438,174007.46875,120797.96875,,,110566.75000,136621.20313,91647.58594,169709.65625
,,,,,,170580.03125,71082.03125,76472.83594,,,161932.06250,101651.19531,114818.37500,117606.47656
132694.90625,85878.45313,105951.51563,59950.99219,79797.06250,,95762.50000,120751.78125,107645.36719,,,89342.21875,58459.33203,55881.96094,66473.26563
,,,,,,,120223.32813,65159.71094,,,,,,
56950.33984,73321.77344,97386.75000,91055.78125,76879.70313,80876.16406,103133.28906,119474.68750,75701.28906,,,98421.54688,100816.48438,83328.78125,
56008.46094,17084.38477,53652.92188,31619.77344,75296.28125,76164.16406,131892.62500,102635.82813,86322.01563,,,,,,
50242.49219,37146.50391,65516.81641,55941.51953,60581.94141,65454.80078,58952.06250,78658.28125,61497.48438,,,,,,
98462.75781,78976.45313,87984.53125,84027.11719,126987.32031,113412.21875,,,,,,,,,
58145.73828,74232.21094,72305.39063,89269.57031,65864.95313,53241.23047,53667.04688,70991.04688,,,,,,,
95359.23438,109878.97656,89824.14844,90677.52344,90835.74219,101968.98438,86602.12500,106496.72656,97836.46094,,,173209.10938,,,
138972.12500,71822.52344,79871.36719,65789.17969,56105.27734,134822.73438,75074.57813,56398.12891,82458.32813,,,31860.08203,72432.72656,80165.92969,26994.90625
106832.41406,94470.17188,74467.75781,48271.30859,184123.59375,75755.23438,102809.21875,77973.17188,110118.89063,,,113743.34375,118648.07813,,
,,,,,,,,,,,41304.15625,66186.77344,83184.98438,58880.36719
103732.33594,98755.03906,191978.04688,104814.96094,131357.12500,144419.68750,133007.09375,150576.12500,120584.10938,,,132759.84375,146904.67188,141020.14063,160665.46875
,,,,123335.77344,77628.82813,61832.69141,105154.26563,111365.94531,,,32067.64063,103739.06250,91465.61719,138789.46875
,,,,,,68906.89063,65387.98047,75538.37500,,,73560.25781,67673.17188,87023.03125,67053.67969
,,,,,,,75485.52344,64781.75000,,,75609.72656,72429.68750,94959.74219,77781.70313
100749.10938,98694.96875,87551.28906,102377.64844,88780.88281,85717.58594,57767.29688,65156.04688,105697.79688,,,65956.09375,62077.30078,,
48850.09766,22047.77539,68724.64844,48633.71484,69589.08594,105931.61719,48778.08203,35688.13281,65984.08594,,,71421.85156,79312.93750,,
58521.64063,52920.69531,43391.15625,58112.53516,62737.08984,56647.59766,53365.46875,34031.29297,31539.69336,,,33441.59766,19290.18164,50500.60156,29821.19531
28285.77930,34629.26953,51059.20703,39349.86719,31894.83008,,,,,,,,,,
,57146.25391,43386.97656,44918.94922,43704.33594,46911.12109,54413.85547,33107.54688,51156.25000,,,59446.73438,41519.39453,48975.57813,60324.57813
83467.96094,50818.64453,75932.95313,80727.36719,85915.89063,84460.31250,83008.82031,115931.54688,51328.07031,,,70923.31250,205303.46875,164204.23438,93601.99219
,,,,,,,,,,,,,,
87317.73438,69890.76563,81187.28906,70216.12500,79235.89844,62155.79297,90643.28906,30753.65430,75063.34375,,,63941.34766,72402.06250,72042.73438,
62602.19922,53763.96875,68328.02344,60225.36328,76018.09375,37942.20703,55763.19141,92857.10156,44794.89063,,,64223.81641,72061.42188,45986.10156,47866.89063
91773.00781,78560.29688,67486.01563,58689.53516,83370.18750,82332.75781,41724.05469,71657.29688,64206.60938,,,72805.80469,86207.82813,55482.46875,40824.93359
,,,,,,,,,,,98513.47656,98379.03125,54217.48438,86155.88281
81233.44531,67367.69531,65306.65234,50358.82031,85723.14844,69356.46094,93549.60156,146083.04688,100230.92969,,,153579.51563,84094.45313,74351.87500,102819.61719
60481.60938,34170.83984,33021.23828,91760.92969,43361.99219,41409.69922,,,,,,,,,
,,,29731.51953,32344.43359,28086.03320,68424.66406,65310.14063,69271.58594,,,51365.57813,58828.44922,59030.88281,70904.57813
77384.01563,10339.59766,44003.57422,61689.73828,14755.49707,17049.40820,10243.52148,50520.30469,21065.90039,,,55372.04688,20006.72656,22568.96680,4603.35547
,,,,,,,,42421.95313,,,60621.41406,,,
61305.06641,53788.94531,67907.98438,59306.87109,61022.98047,75584.06250,83373.76563,64019.44922,65386.35938,,,,,,
,,,,,,,,,,,125322.24219,32390.27344,80965.21875,102799.21875
63876.98828,83832.29688,68425.57813,61085.68750,60146.67188,70883.48438,62536.91797,73452.64844,89167.81250,,,,,,
,,,,,,,,75022.40625,,,90259.77344,76465.25000,93826.13281,62067.00000
60454.39063,53324.87109,26345.43945,60076.33203,70397.62500,15788.12207,42307.61328,43126.96094,34173.77344,,,10787.85938,3970.79346,9126.62988,8456.19043
52798.90234,61000.75391,74026.97656,,,,,,,,,,,,
111645.40625,112870.13281,102732.87500,110356.79688,135016.37500,126789.22656,98287.13281,122697.21875,96757.97656,,,113608.26563,118010.14844,124410.79688,118292.17969
67634.91406,72243.14844,108854.13281,72975.00000,103421.07813,103405.89063,162023.98438,111099.36719,59679.85938,,,74476.56250,69594.06250,103427.00000,82082.27344
97205.81250,83859.56250,156062.31250,95607.55469,,,,,,,,,,,
,,,,,102226.81250,74665.23438,,,,,,,,
,,,,,,66135.53906,55671.00000,29103.28711,,,37019.47266,93372.67969,39351.51953,32093.83008
,,,,,,,53167.20313,83786.73438,,,,,,
,,,,,,,,98806.18750,,,62006.12109,94690.43750,71370.44531,82162.94531
102737.86719,147458.96875,193503.87500,195800.70313,95965.54688,62917.85938,72417.11719,99053.75781,78997.02344,,,,,,
,,,42445.30078,49877.32422,41144.26172,10374.18750,26561.46484,29466.37695,,,34430.53516,,,
57636.00000,52997.26172,78506.82031,49480.91797,76317.00000,78100.06250,,,,,,,,,
,,,,,65348.02344,,,,,,,,,
,,,85827.68750,80455.44531,85015.25000,70504.39063,77548.53906,,,,,,,
40901.58594,77795.50000,84382.14063,70772.77344,58517.34375,77609.65625,88705.81250,81712.76563,94216.81250,,,93596.36719,124711.33594,130772.65625,121318.76563
51947.37500,47835.17578,62482.48828,42750.87891,38833.05469,68340.34375,38747.37891,40133.01563,68548.63281,,,47823.31641,38233.66406,41303.56250,38519.86719
85199.25000,79598.60938,70861.25000,63313.13672,,,,,,,,,,,
,,86401.57813,39898.32031,78802.21094,65537.06250,58779.49219,67744.78125,102948.44531,,,130245.92969,65699.32813,71417.76563,99934.28125
96655.97656,68930.95313,33906.57031,84018.62500,74934.88281,68164.85938,62259.13672,85766.48438,65158.53125,,,50948.06250,55726.08203,52834.66406,70864.35156
58759.20313,101662.34375,82149.31250,87324.56250,104184.21875,39179.00391,55806.23047,80606.42969,133464.26563,,,,,,
,,,,,,73251.88281,64756.11719,78594.53906,,,99199.53125,124252.61719,135903.48438,130305.81250
73930.25781,103365.27344,112393.53125,90746.29688,114282.32031,74312.60156,69877.30469,66015.68750,67198.49219,,,110397.42969,130363.85938,156734.40625,123102.75000
,,,75668.23438,100255.01563,96593.67969,100529.12500,57762.17188,94450.98438,,,124636.66406,88992.71875,94766.95313,104859.14844
59339.96484,39831.33203,42804.16016,53302.85547,26963.38867,43770.40625,40519.44141,42280.87109,32442.64258,,,44241.69531,58366.35938,42590.95313,46654.26953
2628.81396,102763.34375,95056.24219,78312.77344,58415.97266,69953.85156,62739.30469,,,,,,,,
70697.96094,51172.59375,73007.50781,112129.84375,115084.88281,172986.59375,296431.43750,43831.72656,5504.93604,,,105795.62500,90220.52344,94933.66406,98221.82031
92104.69531,102196.21094,107400.90625,98194.75000,66797.55469,133254.79688,99330.26563,90493.68750,101681.92969,,,,,,
,,,,,,76481.07813,70232.06250,69792.72656,,,77703.18750,93354.86719,80351.23438,110271.06250
,,,,,,,100988.92188,69256.39063,,,95967.74219,87023.69531,72655.70313,56543.64453
119787.28906,160675.89063,111403.22656,53876.68359,110700.11719,93786.95313,,,,,,,,,
50774.41406,92776.01563,110736.64844,45466.17188,62584.70703,65014.77344,48170.78125,65527.87891,57709.53516,,,207092.53125,190055.82813,,
45180.11719,39059.76953,77115.63281,62658.16406,72160.45313,62449.01172,67668.07031,76660.35156,88919.50781,,,43391.15625,48247.65234,46646.97266,57164.13281
,,,,,,,,67549.69531,,,62652.12891,71844.24219,76207.03125,84896.96094
,,63042.00781,73405.52344,63732.16797,92861.17188,72114.50000,81609.89063,77975.25781,,,66142.22656,51827.27734,67812.65625,65414.11719
62738.40625,67684.66406,72346.15625,76599.18750,63314.58594,70241.64063,67938.55469,64688.71484,51504.83984,,,54271.02734,56636.03906,52186.71094,57013.97656
56358.34375,50945.14844,53740.38672,58708.73438,47250.56250,64403.52734,54995.02734,41477.44141,42259.38672,,,35430.23438,45320.02344,76076.32813,30269.61523
75820.21875,70995.24219,61110.10156,67613.24219,57082.58203,65349.95313,97025.39063,23381.78125,89682.23438,,,69028.96875,65152.12891,79050.07813,70671.74219
46750.20703,89308.65625,81879.07813,92453.63281,123818.14063,80857.03906,96704.47656,98904.89844,90849.17188,,,57430.24219,101692.79688,72012.71094,57938.66406
,,,,,,,,,,,54652.62109,61141.23047,58419.76172,59795.79297
,,,,,,,,,,,67335.13281,67250.54688,85382.10156,91326.07813
,,,,,,,,,,,85918.26563,42800.56641,51856.64453,94617.95313
65267.55469,82277.65625,67904.54688,52534.05469,83868.60156,65476.65234,71121.22656,100326.08594,26765.78125,,,61162.69141,39772.00391,58005.55859,48563.54688
,,,,,77414.28125,53422.95703,87543.60938,65252.55469,,,,,,
,,,,,,23629.34766,20163.14258,36204.63672,,,71909.42969,61479.36328,,
,,,,,,,,,,,,49239.10156,7435.06348,18631.57422
,,,,,,,,165095.34375,,,49478.74609,63206.35547,97167.81250,79094.41406
,,,,,,,,,,,64317.47266,114081.96094,103441.99219,84724.03906
97295.21875,154904.54688,132270.01563,157833.42188,172347.34375,131142.20313,143934.87500,114151.71875,124964.56250,,,135539.78125,142581.78125,1.39515e+06,132372.60938
72535.03125,59722.50391,67290.13281,83685.07813,73423.93750,87855.15625,79107.08594,112101.72656,91010.55469,,,,,,
91811.25781,170534.00000,78804.09375,92960.14844,63867.05859,72106.72656,72861.43750,55493.42578,72158.32031,,,51573.06250,99047.04688,63463.96484,55150.17578
,78253.64844,65967.53906,79482.47656,73558.07813,106516.43750,,,,,,,,,
82555.03125,63360.37109,75161.69531,69896.83594,49959.82813,151812.40625,117867.19531,69631.50000,112998.51563,,,72095.92969,117202.72656,64843.56250,66941.48438
43961.08203,88579.51563,52184.12109,67087.13281,47341.99219,116407.04688,89410.83594,48215.77734,47673.08984,,,34358.47266,36554.63281,41266.94922,97329.83594
59542.67969,37858.60547,62289.60547,63426.63281,84568.71875,,,,,,,,,,
,,,,,,,,89801.28125,,,64764.64063,94609.10938,83825.02344,97426.50781
73253.90625,86920.17969,55887.66406,57419.07031,68129.37500,58770.13281,44355.92969,,,,,,,,
105759.50781,67460.78906,69538.00000,93349.79688,100184.00781,68942.64844,92800.70313,64764.76172,80264.23438,,,,,,
,,,,,,,46981.00781,58515.66797,,,39870.89453,30304.18945,64561.50781,37155.43359
,,,,,,,,,,,74588.23438,66846.42969,64086.76563,66719.50000
,,,84103.11719,46674.96484,79519.39844,80838.84375,76093.08594,91630.71875,,,,,,
93181.68750,77652.89063,111427.45313,86359.81250,,,,,,,,,,,
138936.87500,174339.01563,119815.28125,105142.93750,93236.89063,75705.62500,112791.89844,88839.49219,85668.06250,,,103393.76563,2772.53784,,44249.83984
83814.46875,,,,,,,,,,,,,,
,,41105.00391,39812.15234,20730.24805,22723.83984,49946.29688,27336.17578,52917.16016,,,31888.56445,46253.82813,40744.61328,45032.61328
,,,73094.24219,80016.67969,76409.85156,57764.65234,137698.76563,77782.52344,,,80156.60156,92557.55469,77121.44531,86577.59375
90263.98438,91737.39063,97162.89844,78157.50781,99257.82031,87406.29688,99156.11719,183927.39063,93777.28906,,,119964.03125,42126.19922,158324.59375,89487.26563
151525.28125,54348.14844,69763.64063,58562.56250,63915.13281,67197.53125,50259.45703,42202.92188,55861.39453,,,63090.24609,92355.37500,112411.64844,94913.29688
53937.50000,60792.03125,90473.06250,56804.75391,58231.69922,59082.92188,28051.76953,68186.31250,53422.70313,,,,,,
,,,117968.17969,75777.06250,88104.43750,80998.35156,50640.70313,64319.86328,,,47938.98047,27869.83203,83498.69531,71053.70313
57558.98828,120846.70313,54732.47656,86934.77344,57621.26953,79614.17188,64472.29297,86075.32031,97554.16406,,,87508.80469,86392.01563,80038.12500,71663.51563
80515.15625,72134.78906,70989.89844,63807.94141,74873.44531,60662.30078,69782.07031,47020.63281,42465.83203,,,68948.89844,,,
,,,,,,,,,,,,58240.52734,56699.37500,71516.32031
82938.71094,77193.18750,60781.71094,85859.53125,89469.43750,76637.46875,73790.28906,103156.39844,122077.09375,,,66638.35938,63894.16797,73193.99219,55032.53906
,,,,,,,,81637.13281,,,88018.27344,87783.54688,61716.39453,46860.90625
65804.35938,58184.62500,76520.98438,58361.57031,52081.85156,68419.05469,60618.00391,51877.12500,72506.12500,,,82224.24219,72715.03906,77521.92188,74118.81250
,,,,,,,,,,,67150.57031,31420.02734,21116.89063,
81736.85156,39543.37891,66914.86719,54992.82422,49277.38672,51321.60938,64053.03906,39498.67969,55787.50000,,,67531.21094,70035.48438,65056.69922,66245.00000
93738.30469,96359.61719,89872.64844,89133.54688,81320.33594,90957.62500,87211.46094,68422.32031,51245.70313,,,44376.07031,68275.78906,53332.29688,75648.82031
,,,,,,73215.98438,124430.25000,83525.53906,,,95886.14063,69484.96875,,
,,,,,,,,,,,,,167558.68750,100361.87500
,,,,,,,,,,,85325.36719,98977.35938,103028.49219,99605.54688
,,94101.68750,115226.76563,125356.07031,94764.69531,,,,,,,,,
63046.39844,64397.13672,65240.73047,57596.98438,81652.71094,50782.93750,64684.70313,45264.86328,81213.30469,,,,,,
81928.44531,66662.95313,76457.30469,57339.34375,63991.49219,56772.09766,61248.73047,72133.75781,69411.38281,,,72729.88281,68460.24219,62825.88281,59688.33984
51178.50000,47598.67969,59250.67578,62175.17969,55850.20703,69469.19531,75667.36719,71497.57031,99942.47656,,,,,,
84094.45313,68977.77344,75612.68750,62638.50781,60221.05859,62193.14844,75894.36719,61027.63281,55308.08203,,,83796.00781,62832.71484,87939.73438,124066.24219
,,55671.47656,55786.53906,100917.67969,,,,,,,,,,
37010.96484,33702.75781,45369.06250,,,,,,,,,,,,
63277.40234,98548.14844,53372.89844,49402.97656,48127.84766,60163.25000,96372.94531,76542.51563,93136.82031,,,83952.86719,100258.46094,,
29450.78516,,,,,,,,,,,,,,
,,,,,,,44547.16406,62124.97656,,,3807.84863,85819.42188,89771.22656,139893.09375
,,,,68410.89844,71333.42969,66984.91406,75208.94531,,,,,,,
86682.10938,84661.60156,,,,,,,,,,,,,
,,,,,,,59082.69531,84102.47656,,,100654.89063,86270.90625,79746.24219,64449.85156
71198.99219,88895.08594,77500.33594,54768.50391,46137.96094,49000.75781,,,,,,,,,
48930.05859,49588.39063,90143.72656,82998.44531,71729.64063,71205.24219,65575.26563,95919.98438,68325.54688,,,58060.90625,83703.35938,93413.11719,75649.75781
90620.64063,70758.67188,51580.83203,83065.83594,73912.70313,84565.82031,76578.51563,90906.71875,100660.36719,,,75769.17969,46617.31250,66991.04688,87918.01563
75712.91406,44114.37500,65541.31250,84726.21875,63468.68750,57215.18359,63883.87109,78110.03906,77678.89063,,,146445.85938,58454.31641,87619.03125,108156.99219
104304.41406,53549.15234,,,,,,,,,,,,,
,,,,,,,104395.86719,121308.81250,,,92969.10156,39477.06250,83555.25000,143149.10938
,39534.17969,24813.79297,44528.55859,41016.82031,34246.16797,34981.41016,44638.08594,,,,,,,
,,,,,,49873.37891,59511.62891,57415.62109,,,51514.26953,54096.11328,78475.90625,97839.53906
,,,65811.76563,60666.52734,77041.46094,69119.47656,73834.71094,60999.76172,,,47734.64453,91179.87500,69946.04688,49769.27734
,,,,,,,,,,,79754.37500,69251.04688,59063.65625,54394.81641
,,,,,,,69036.27344,63725.54297,,,45692.33203,51006.44922,78085.24219,45364.08594
,,,,,,,,,,,,,,
,,,,,,,,,,,119139.49219,79997.99219,58657.30469,58728.22266
,,,,,,,,,,,,,61440.56250,68139.89844
94518.74219,125231.44531,68579.75781,81897.11719,74225.34375,84559.04688,79357.12500,82514.49219,78604.66406,,,,,,
,,71969.73438,96006.64844,79740.23438,25892.43164,89645.46094,31660.11523,63891.05859,,,71443.78906,91703.01563,83510.79688,87074.50000
88400.85938,61838.35156,46015.27344,50129.35156,57674.92578,51283.25000,63670.50391,66204.00781,66676.24219,,,57799.31250,58664.29688,50801.63672,52623.66016
,,,,,,,,,,,75809.94531,78701.57031,89186.35156,55020.36719
,,,,86409.82031,95116.17969,78508.53906,93294.88281,95030.32031,,,84711.10938,104039.46094,125955.12500,123915.35938
77066.37500,34197.96484,186339.46875,108924.53906,118190.13281,116960.65625,115610.47656,95344.50000,156222.09375,,,91441.81250,117698.48438,83966.47656,132962.06250
,,,,64784.53125,81347.94531,110113.95313,89876.25000,103130.92188,,,104304.11719,73190.64063,80828.59375,82022.96094
155869.70313,144374.10938,96083.50000,129798.78906,163061.01563,104975.71875,106246.67188,140072.64063,87049.34375,,,73405.73438,54605.62891,81155.54688,92323.85156
43553.46484,45746.61719,47598.54297,55094.34766,44864.49219,41522.56250,87082.14063,47299.07422,46602.59766,,,69555.37500,51231.28906,74771.76563,54471.12500
101679.79688,111960.15625,84899.14844,93156.45313,110137.58594,86600.05469,123835.85938,137880.90625,91416.60938,,,89307.03906,116675.78906,89032.02344,103709.38281
44813.30469,33274.57813,47790.98828,53553.69922,66739.73438,56352.75391,76513.39844,65016.07422,64821.55078,,,,,,
,,,,,,,,,,,52498.34766,85564.69531,98428.67969,85577.75000
87593.88281,45082.76172,62938.08594,59893.04688,18094.50977,116592.80469,30028.64258,8283.04492,72021.23438,,,70740.71875,50089.39844,71289.76563,80591.90625
,,,,,,,47529.32031,55867.35938,,,51279.73047,89487.52344,61170.74219,43961.33594
58795.64063,74678.76563,64014.80859,56019.62500,84623.25781,129574.68750,,,,,,,,,
51013.84375,38861.50781,34145.26953,21308.42773,5961.83350,49576.04688,36152.02344,45698.21484,43315.37109,,,50912.84766,48179.09766,43069.46094,46448.05859
39811.16797,45703.92578,54455.02344,47433.73047,44449.47266,37531.54297,33921.21875,68683.95313,62264.83594,,,37552.34766,,,
79436.17188,87211.96094,111161.57813,70986.44531,82023.97656,135157.95313,22683.84961,124945.97656,97116.94531,,,94352.13281,36690.87891,11975.29590,6686.21436
67256.64063,38100.48047,39208.26953,28734.83203,38612.03906,51412.57813,65409.18750,57769.71875,58226.75781,,,41454.70313,38172.49609,42445.70703,21497.25195
77431.63281,,,,,,,,,,,,,,
,,,,,,96043.46094,37086.40234,66114.78906,,,54254.20703,64921.40234,,
,,,,,,60217.89844,90204.95313,121902.24219,,,90147.50781,100486.37500,142341.84375,121949.79688
124920.95313,69946.17969,85258.25781,53087.60547,98734.32031,45150.35547,70166.32031,103414.96875,94847.24219,,,,,,
,,,105596.14063,,,,,,,,,,,
,36194.48828,54981.23438,69128.64063,53161.87891,56312.40625,50404.08203,60713.17578,50168.75781,,,70449.81250,83241.57031,79807.03125,49878.94141
,,,,,,,,,,,105241.35156,53565.34375,89363.60938,92652.32031
72039.91406,52627.92578,74439.99219,47998.03906,42671.89844,71621.84375,42872.79297,59947.61719,54448.01172,,,67348.10156,75316.82031,81832.47656,
59776.57813,32572.66406,53322.68359,48805.76563,53515.66406,50909.88672,61966.63281,69082.90625,57071.15234,,,45008.44141,64124.97656,,
58989.46094,52377.32422,69590.47656,79145.42188,75924.26563,102659.42188,68720.90625,72144.76563,70106.11719,,,39112.77734,61218.59766,13711.71387,85931.04688
,,,,,,,,78197.76563,,,70091.48438,60992.43359,48128.53516,66982.99219
,,,,,,46148.60938,68766.60156,69452.70313,,,58587.81250,52540.32031,42179.66406,50973.43359
88464.36719,130530.81250,,,,,,,,,,,,,
,81002.99219,75893.71875,95778.57031,70598.25000,106341.96094,98014.46094,78661.57813,61260.00391,,,47895.61328,40593.23438,52432.30078,77130.04688
34130.94141,34548.25391,65578.14063,55788.50781,75741.43750,43258.98047,60186.09375,51077.85938,53654.91797,,,82458.25000,78962.29688,91308.65625,111444.67188
,,,,,,,,78658.80469,,,75465.86719,107159.96094,46629.22656,50967.89063
156304.95313,146943.20313,120568.82031,121364.35938,121624.71094,71182.76563,120744.75781,92363.30469,136768.64063,,,73413.35938,107310.19531,66309.91406,69802.84375
,102781.87500,,,,,,,,,,,,,
52285.69531,56733.88672,53791.50781,45905.78516,72095.31250,63008.10938,53870.87500,69776.48438,54707.58203,,,,,,
,,,54444.53516,58705.03906,50365.54688,52640.27734,52474.46875,46460.64063,,,60889.73828,54541.08984,70502.10156,
,,,,,,,,,,,63179.47656,47317.66016,54117.37109,49333.62500
,,,,,115592.72656,92571.85938,75507.98438,32589.41211,,,72489.59375,86282.10156,22915.50195,60208.30859
140621.14063,119465.00000,75051.53125,69210.43750,68947.38281,74420.26563,39049.15625,21694.36719,69098.71875,,,52883.05859,46146.54297,90989.54688,50687.62109
82698.84375,71103.72656,,,,,,,,,,,,,
39312.69531,29424.05859,33322.46875,39992.07031,27805.45313,32382.21094,,,,,,,,,
,,,,,,,,,,,,59625.35938,57607.09375,105884.44531
,,,,,60760.73047,66657.80469,108185.15625,108371.75000,,,101482.17188,115886.55469,109503.32031,
51297.23828,41568.99609,43711.75391,53525.35938,41101.55469,42615.89844,27683.60742,53667.66016,46775.31641,,,48208.18750,58780.44531,49359.22656,45161.12109
76483.19531,74202.27344,79641.96875,63756.84766,75509.78125,79071.56250,84771.88281,99825.31250,68388.26563,,,86794.10938,74621.45313,136447.75000,86924.15625
,,,,,,,,43283.49219,,,51146.05469,69878.03906,,
87465.41406,76982.92969,90362.69531,93139.57813,111116.42969,103983.81250,130434.12500,156819.17188,178443.56250,,,85382.91406,95601.35156,150981.62500,91474.08594
96736.57031,99419.06250,116755.03906,113022.11719,,,,,,,,,,,
81441.64063,182264.20313,126086.72656,,,,,,,,,,,,
89352.02344,107911.99219,84472.39844,83500.28906,117603.10938,76736.13281,101795.64844,80770.33594,95192.22656,,,84675.89063,66573.43750,,
,83357.63281,78963.12500,107251.97656,82032.97656,113364.96094,120771.93750,126790.91406,143095.87500,,,,,,
,,,,37543.89453,43204.59766,70594.47656,56184.46875,39403.04297,,,55557.81641,92692.26563,80889.89844,94906.14844
,,,,,46503.81641,68886.72656,49489.22266,66638.67188,,,50763.47266,42565.85938,64313.91406,60715.31641
,,,,62022.44531,81440.00781,82039.54688,74694.36719,80745.53906,,,77040.87500,73578.70313,86461.66406,62477.66406
97931.02344,80352.15625,77260.79688,70922.36719,69799.71094,87217.44531,60276.61719,63336.87109,81354.92969,,,,,,
52310.68359,57407.84766,44874.12109,63500.47266,72773.66406,55328.23438,49418.85547,70211.43750,67776.83594,,,44177.35938,48160.39844,101277.88281,93093.39844
48848.74609,60069.68750,69184.70313,103868.34375,79626.92969,51800.74219,64049.98438,62376.33594,55842.42969,,,,,,
67785.50000,60283.05859,55915.81250,27387.18945,72034.00781,58189.12109,63162.30469,67775.28125,79860.39844,,,,,,
74747.38281,92872.24219,43646.73047,,,,,,,,,,,,
86168.37500,62007.77734,74777.82813,81667.73438,80366.78906,,,,,,,,,,
,,,,,46810.61328,52939.92578,47973.69141,44023.76563,,,79119.31250,94509.91406,125318.53906,103966.25781
51681.67578,71232.07031,61827.26563,101302.71094,81863.85156,79329.27344,53935.23828,57018.98047,70889.63281,,,78735.88281,89428.06250,68199.77344,
,,,112373.17188,134148.87500,108001.25000,101859.25000,112751.03125,83388.47656,,,101838.85938,125630.73438,,
60005.21484,74675.35156,54256.58984,80245.71094,84609.46094,76777.41406,151412.32813,63898.49609,67511.82813,,,109878.76563,56696.34766,68010.77344,78647.47656
,,38104.04297,,38124.79688,34554.02344,70048.64844,791.81354,50741.16016,,,75299.29688,63597.62109,43159.01172,
,,,,78475.75781,65912.82813,72162.24219,78921.49219,133392.35938,,,103818.73438,104091.66406,103353.93750,83140.81250
72356.64063,87941.75000,,,,,,,,,,,,,
,,,,,,,,,,,91259.55469,162839.25000,69357.85156,
,,,,,,,45304.29297,38000.87109,,,64935.89063,66691.82813,65157.72266,55552.94141
,,,,,,,,67023.89063,,,74697.14063,67110.87500,53452.26172,50332.22266
63081.03906,76052.82031,70861.99219,51393.21484,26978.64063,,,,,,,,,,
,,,,60173.98047,46876.77344,52587.94141,47299.83984,63296.23438,,,53652.00000,59240.67578,109386.10938,82081.41406
,,,,,,,75485.52344,56539.33203,,,93839.38281,76370.07813,38766.71094,52987.15234
78672.53125,,,,,,,,,,,,,,
100255.11719,109704.21875,115101.12500,103360.83594,151939.85938,72088.50781,82440.79688,105693.56250,89386.28125,,,59250.50781,85489.40625,70485.63281,69367.64063
,44272.00000,45696.82031,27445.12891,40749.51172,12848.94043,47878.80469,,,,,,,,
77430.37500,77059.10156,91765.13281,80647.71875,65619.30469,55886.75781,42101.41797,104006.82031,98823.14844,,,103010.41406,,,
88147.54688,74288.72656,37812.78125,83846.60938,96881.06250,109916.70313,80369.78125,87954.75000,,,,,,,
58015.73828,46119.04297,81244.21094,66918.31250,53458.37891,173914.40625,70103.10938,199356.20313,,,,,,,
43407.83594,53453.63672,129204.62500,96851.40625,115793.86719,106777.71875,95779.57813,60458.71484,144869.65625,,,58376.76563,84819.51563,47223.26172,33816.85938
67545.82813,73998.32031,57209.34375,63823.28125,77563.10938,66054.92188,101823.51563,81759.77344,59333.85547,,,21447.59180,45836.14063,46256.33984,58954.42578
98303.82031,137735.28125,150718.06250,102904.85938,86893.90625,77550.60938,72533.85156,184082.15625,111720.17969,,,155748.89063,100658.73438,115421.98438,126913.71094
102977.11719,130644.51563,145246.21875,113112.68750,118827.55469,96644.54688,72401.78125,75560.57031,180719.95313,,,,,,
,,,,84287.31250,92916.89063,62691.51563,136571.04688,76091.13281,,,98769.53906,140529.04688,116360.42969,136432.01563
88993.82031,92205.59375,101257.79688,88521.25000,339436.00000,19251.55078,52146.01563,110545.98438,38209.89844,,,,,,
48493.10547,59523.71875,52999.23047,44364.09766,63628.74219,60904.14063,44511.83203,61659.03516,67162.80469,,,70358.76563,70308.59375,64880.61328,87681.47656
,,,,,,,,60278.85938,,,68533.92188,69690.69531,67362.81250,72306.70313
108097.28906,70446.58594,101123.46094,39923.59375,57372.71094,65833.54688,59155.59766,82162.15625,47089.02344,,,52072.11719,61406.58594,59447.01953,66810.10156
,,,,,,,,,,,48318.97656,45828.88281,42481.18359,47435.26953
59149.50391,57997.09766,51912.26172,,,,,,,,,,,,
80683.34375,88832.63281,80981.89844,73231.83594,,,,,,,,,,,
63625.34375,79703.74219,54626.25391,74636.47656,,,,,,,,,,,
60958.58984,71709.25781,,,,,,,,,,,,,
,88269.78125,85468.13281,50211.02344,74285.32031,54765.73438,64010.71875,86835.17188,115147.45313,,,,,,
,,,,,,,,149295.09375,,,81857.37500,82651.45313,131123.57813,
109099.60938,62182.05859,88095.94531,82702.07031,65626.50000,,,,,,,,,,
78030.07813,45697.47656,53182.00781,59284.30859,58813.86719,80477.69531,51517.80859,78711.17969,,,,,,,
77424.98438,70253.09375,60414.91016,68244.01563,90417.94531,79691.35156,77875.82031,121858.53906,83034.31250,,,78857.46875,,,
66459.44531,99177.10938,80520.38281,106150.65625,,,,,,,,,,,
,,,,,,,,,,,71123.25781,66948.76563,68676.22656,69253.09375
77148.73438,75205.28906,55151.64844,55508.08594,125617.43750,81137.51563,,,,,,,,,
71674.86719,63421.30859,80427.13281,83060.28906,116087.53906,81875.01563,68937.98438,95590.96094,104022.78906,,,71257.54688,96429.02344,98234.28125,83678.13281
66474.09375,65608.03906,65481.14844,73043.78906,,,,,,,,,,,
64565.69531,92709.94531,59789.40625,68780.77344,101472.97656,79716.50781,69945.17969,69706.71094,46896.13672,,,81714.56250,82490.42188,72418.42969,98770.95313
78147.52344,94550.75000,94684.57031,128176.16406,217614.95313,149790.81250,155876.09375,94845.79688,87740.69531,,,,,,
49961.82813,54173.08984,60717.17188,42639.43750,41920.44531,53483.36719,59718.28906,50628.43750,48971.37500,,,63654.35547,55719.54688,67942.37500,73739.35938
